0.281300 0.103394 -0.414236 0.415067 0.306240 -0.856701 0.886103 0.077399 0.456979 -0.206253 0.948803 0.239235 0.871714 0.059574 0.443636 1
-0.603956 -0.250056 -0.549983 -0.624467 -0.215943 -0.750606 -0.571367 0.781527 0.250511 0.532522 0.585307 -0.611421 -0.631299 -0.302916 0.612356 1
0.466341 -0.185009 -0.286230 0.413291 -0.468616 -0.780763 0.764666 -0.286965 0.577007 -0.494446 -0.835494 0.239734 0.724581 -0.164334 0.482184 1
0.162083 0.199139 0.240080 0.171232 0.654214 0.736671 0.979634 -0.192638 -0.056632 0.104861 0.731365 -0.673876 0.067553 -0.722985 0.626358 1
0.470683 -0.382073 0.551030 0.615747 -0.143983 -0.774677 -0.141476 0.946983 -0.288459 0.775139 0.287216 0.562731 0.230839 -0.839228 0.339461 1
0.459041 -0.112042 -0.336736 0.574468 -0.392452 -0.718309 0.695149 -0.229401 0.681280 0.432150 0.890706 -0.141029 0.704963 0.046888 0.538176 1
-0.634211 0.333589 -0.361184 -0.589705 0.803128 -0.085053 0.801099 0.595046 0.064501 -0.102413 0.030099 0.994287 -0.128889 0.010342 0.991295 1
0.231587 0.320871 -0.260994 0.109255 0.799190 -0.591065 0.830787 0.253061 0.495735 0.545763 -0.545211 -0.636308 0.445577 0.433914 0.669065 1
0.285848 -0.321115 0.112424 0.178422 -0.967822 0.177445 -0.784142 -0.248796 -0.568526 -0.594380 0.037704 0.803300 0.122215 0.197180 0.952576 1
-0.836272 0.156280 -0.308906 0.143886 0.686420 0.712828 0.974404 -0.223997 0.019013 0.172722 0.691847 -0.701081 -0.195098 -0.679701 0.693902 1
0.440668 -0.074650 0.635752 -0.134006 0.013292 0.990891 0.086520 0.996249 -0.001663 -0.987196 0.085509 -0.134654 0.212479 0.272696 0.025077 1
0.272483 0.329061 0.064826 -0.164183 0.923480 0.346740 0.742030 -0.115983 0.660257 0.649950 0.365694 -0.666207 0.275142 -0.293091 0.910878 1
0.684113 0.052533 0.376915 0.926380 -0.043211 0.374103 0.257965 0.796543 -0.546785 -0.274362 0.603036 0.749048 -0.316973 0.304824 0.820119 1
0.634721 0.069580 0.151369 0.721845 0.159555 -0.673411 0.612542 0.305551 0.728993 -0.322076 0.938712 -0.122826 0.632416 0.231366 0.732720 1
-0.622866 0.199445 -0.608875 -0.544873 0.533284 -0.647087 0.772736 0.618967 -0.140566 0.325564 -0.576618 -0.749346 -0.472822 0.409851 0.735905 1
-0.651972 0.146841 -0.630326 -0.257351 0.474875 -0.841584 0.892690 0.450274 -0.018906 0.369966 -0.756140 -0.539795 -0.302742 0.565776 0.411823 0
0.462546 -0.041961 0.637185 0.015737 -0.058110 0.998186 0.213552 0.975470 0.053421 0.976805 -0.212324 -0.027761 0.006485 0.146018 0.008398 1
-0.143959 -0.085126 0.335964 0.244424 -0.218412 0.944750 -0.967803 -0.115354 0.223720 -0.060117 0.969015 0.239575 -0.339983 0.879882 0.291375 1
-0.153441 -0.061368 0.343016 0.233942 -0.147923 0.960932 -0.969734 -0.106560 0.219682 -0.069901 0.983241 0.168375 -0.266873 0.651604 0.165277 1
-0.130725 -0.068776 0.335848 0.242093 -0.179878 0.953433 -0.968359 -0.106169 0.225853 -0.060599 0.977943 0.199889 -0.348907 0.879406 0.254505 1
0.266419 0.275263 -0.320334 0.043668 0.766324 -0.640969 -0.668832 -0.454167 -0.588555 0.742130 -0.454401 -0.492709 0.615221 0.419133 0.543016 1
-0.082792 -0.010185 0.329223 0.264070 -0.024814 0.964184 -0.961864 -0.080682 0.261358 -0.071307 0.996431 0.045173 -0.038559 -0.028979 0.009815 1
0.330372 0.030122 0.638665 -0.093363 0.032639 0.995097 0.578220 0.815417 0.027505 -0.810521 0.577953 -0.095002 0.867729 -0.477422 0.097072 1
0.404736 -0.505865 0.789880 -0.640809 0.185302 0.745001 -0.143730 0.924314 -0.353531 -0.754125 -0.333625 -0.565676 0.395507 -0.749815 0.526693 1
0.200884 0.081116 0.410080 -0.838838 0.168197 0.517747 -0.531653 -0.048652 -0.845564 0.117032 0.984552 -0.130233 0.238455 -0.475625 0.540851 1
0.540051 0.058273 0.634906 0.222732 -0.009181 0.974836 0.354459 0.932279 -0.072207 -0.908157 0.361622 0.210903 -0.441432 0.649281 0.106974 1
0.527561 0.092272 0.636634 0.191808 0.058403 0.979693 0.367116 0.921491 -0.126809 -0.910184 0.383984 0.155309 -0.007349 0.010495 0.000813 1
-0.433460 0.095757 0.362346 -0.248962 0.181686 0.951319 -0.880536 0.366587 -0.300450 0.403329 0.912471 -0.068715 0.474946 -0.707617 0.259437 1
0.526545 0.008865 0.634032 0.192111 -0.099353 0.976331 0.349705 0.936485 0.026487 -0.916951 0.336340 0.214653 -0.463704 0.852266 0.177970 1
-0.276892 -0.098760 0.360763 0.129863 -0.211176 0.968783 0.987067 0.120155 -0.106122 -0.093994 0.970035 0.224049 0.116065 0.845264 0.168693 1
0.565023 -0.039137 -0.255226 0.825995 -0.090976 -0.556288 0.559289 0.009357 0.828920 0.070207 0.995809 -0.058611 0.560803 0.208388 0.798619 1
-0.699219 -0.084116 -0.639649 -0.274997 -0.293742 -0.915474 0.850732 -0.517948 -0.089359 -0.447919 -0.803396 0.392330 -0.077395 -0.120069 0.061774 0
0.410353 -0.120585 0.628722 -0.523675 0.078940 0.848253 -0.096142 0.983861 -0.150914 -0.846476 -0.160583 -0.507634 0.629398 0.391191 0.352158 1
-0.525488 -0.396870 -0.066255 -0.458539 -0.796580 0.393958 -0.629592 0.604057 0.488599 0.627181 0.023991 0.778504 0.158593 0.362727 0.918022 1
0.318167 0.340509 -0.558583 0.372420 0.616858 0.693390 0.393402 0.571759 -0.719949 0.840558 -0.540904 0.029739 -0.327072 -0.526811 0.644335 1
0.561356 0.067961 0.629744 0.268917 0.016991 0.963014 0.370612 0.921037 -0.119742 -0.889005 0.389105 0.241385 -0.381471 0.435698 0.098836 1
0.445774 -0.631666 0.865620 -0.409376 0.485632 0.772381 -0.151044 0.798814 -0.582307 0.899776 0.355046 0.253664 0.196213 -0.743523 0.571484 1
0.674852 -0.010506 0.197615 0.847403 -0.260513 -0.462646 0.517850 0.213154 0.828491 0.117218 0.941647 -0.315534 0.517199 0.208003 0.830200 1
0.347060 0.056317 -0.605555 0.475750 0.645080 0.597941 0.199586 0.582898 -0.787652 0.856637 -0.494066 -0.148565 -0.375862 -0.283615 0.605029 1
0.580048 0.003753 -0.225160 0.835645 0.040465 -0.547777 0.544518 0.069866 0.835834 -0.072093 0.996735 -0.036350 0.526884 0.217258 0.819822 1
0.149941 -0.097417 0.775542 0.154397 0.697302 0.699951 0.704996 0.418584 -0.572510 -0.692201 0.581857 -0.426967 -0.439552 -0.304814 0.400618 1
0.290158 0.290519 -0.296832 0.099028 0.810061 -0.577922 -0.497798 -0.462553 -0.733650 0.861621 -0.360340 -0.357441 0.616995 0.360189 0.610592 1
0.018064 0.194514 0.243065 -0.054168 0.593018 0.803366 0.995340 -0.032209 0.090888 0.079774 0.804545 -0.588509 -0.149120 -0.773081 0.560608 1
-0.141647 -0.262352 0.695012 -0.360329 -0.277043 -0.890736 0.784554 0.426542 -0.450041 -0.504617 0.860993 -0.063659 -0.805738 -0.264025 0.408064 1
-0.345622 0.270640 0.260929 -0.161587 0.729475 0.664647 0.978754 0.032325 0.202474 0.126215 0.683243 -0.719200 0.257805 -0.609626 0.731764 1
0.408427 -0.521250 0.577125 -0.580805 -0.251524 -0.774211 -0.021489 0.955474 -0.294291 0.813759 -0.154289 -0.560349 -0.002363 -0.925408 0.302417 1
0.329272 0.325509 -0.553534 0.469384 0.496769 0.729999 0.410321 0.609335 -0.678489 0.781867 -0.618006 -0.082177 -0.436797 -0.453690 0.589596 1
0.428801 -0.109231 0.636383 -0.351954 0.157298 0.922706 0.005647 0.986117 -0.165954 -0.936000 -0.053198 -0.347956 0.540955 0.373491 0.142670 1
0.649980 0.009572 -0.020372 0.992434 -0.113370 -0.047138 0.073825 0.244236 0.966902 -0.098105 -0.963066 0.250757 0.071167 0.226845 0.952765 1
0.308510 0.301183 0.337443 -0.512370 0.772195 0.375755 0.727460 0.157746 0.667771 0.456376 0.615493 -0.642565 0.432240 -0.141881 0.880965 1
0.614550 0.109058 -0.137449 0.878436 0.249687 -0.407439 0.326062 0.310120 0.893034 -0.349333 0.917324 -0.191007 0.392073 0.107057 0.910913 1
0.268161 0.325561 -0.246990 0.081675 0.842531 -0.532420 -0.698295 -0.332790 -0.633747 0.711135 -0.423548 -0.561155 0.521810 0.417910 0.741371 1
0.299951 0.279793 -0.308989 0.186057 0.754873 -0.628927 -0.571148 -0.437753 -0.694379 0.799483 -0.488404 -0.349697 0.665058 0.338732 0.603310 1
0.278427 0.154265 0.603830 -0.782625 0.279344 0.556296 0.295966 0.953168 -0.062253 -0.547634 0.115924 -0.828649 0.473179 -0.313381 0.823055 1
0.299735 0.217977 -0.356852 0.179210 0.471224 -0.863616 0.900287 0.275409 0.337094 0.396695 -0.837913 -0.374881 0.745586 0.344184 0.342518 1
-0.606831 -0.202139 0.204180 -0.528736 -0.588857 0.611298 0.657471 0.171353 0.733737 -0.536814 0.789864 0.296556 0.337976 0.514554 0.787994 1
0.621773 -0.031758 0.146814 0.808164 -0.247661 -0.534355 0.580757 0.184224 0.792959 0.097944 0.951171 -0.292714 0.567459 0.173927 0.777619 1
-0.154039 -0.371405 0.954801 -0.838121 0.340457 0.426196 -0.136890 0.625040 -0.768496 0.528029 0.702435 0.477253 -0.208708 -0.392433 -0.096942 1
-0.140588 -0.377844 0.963974 -0.000950 -0.444570 0.895744 0.958513 0.254926 0.127540 -0.285049 0.858703 0.425884 -0.968870 0.011196 0.004529 1
0.264801 0.022230 -0.444036 0.595563 0.294259 -0.747473 0.768089 0.063907 0.637147 -0.235255 0.953587 0.187957 0.589025 0.394828 0.624749 1
0.295401 0.187330 -0.536353 0.445807 -0.332996 0.830885 -0.852875 -0.439836 0.281332 -0.271771 0.834061 0.480087 -0.709454 0.317783 0.508013 1
-0.740532 -0.135730 0.081667 -0.775311 -0.392851 0.494531 -0.511470 -0.068825 -0.856540 -0.370529 0.917023 0.147571 0.379997 0.329625 0.857598 1
0.324129 -0.143334 -0.542009 0.573932 -0.387475 0.721433 -0.707486 0.209033 0.675106 0.412390 0.897869 0.154162 -0.384118 0.648828 0.654062 1
0.394766 -0.694515 0.871714 -0.641137 0.485575 0.594272 -0.132021 0.693038 -0.708709 -0.755985 -0.532836 -0.380226 0.057361 -0.735314 0.662705 1
0.471734 -0.401595 0.782413 0.185315 0.381962 0.905408 -0.094489 0.924024 -0.370476 0.978126 0.016897 -0.207326 -0.047813 -0.625770 0.273778 1
0.354499 -0.180764 -0.581911 0.355484 -0.599024 0.717496 0.801132 -0.200155 -0.564027 0.481476 0.775311 0.408745 -0.258904 0.562438 0.597844 1
0.384833 -0.248959 0.659233 -0.749989 0.356140 0.557388 0.103958 0.895668 -0.432403 -0.653230 -0.266352 -0.708764 0.397839 -0.324579 0.742697 1
0.399338 -0.220791 0.659421 -0.691381 0.383378 0.612384 0.116058 0.895526 -0.429608 -0.713108 -0.225951 -0.663644 0.537519 -0.243967 0.759593 1
0.211818 -0.025069 0.447761 -0.963798 -0.143190 0.224922 -0.230595 0.024128 -0.972751 -0.133862 0.989401 0.056274 0.087743 0.114856 0.449103 1
-0.213203 0.009255 0.361855 0.183847 -0.019905 0.982753 -0.982870 -0.016830 0.183528 -0.012886 0.999660 0.022658 -0.073393 -0.078767 0.012134 1
-0.115803 0.186200 0.288173 0.358995 0.413634 0.836677 0.932390 -0.199359 -0.301505 0.042087 0.888348 -0.457237 -0.384360 -0.744814 0.533137 1
0.332812 0.233013 -0.540371 0.442879 -0.181552 0.878007 -0.779196 -0.562372 0.276752 -0.443523 0.806707 0.390527 -0.678858 0.098179 0.362726 1
0.013403 0.324994 0.078580 0.129831 0.875244 0.465931 0.946388 -0.249568 0.205098 0.295792 0.414324 -0.860722 -0.154516 -0.437698 0.865265 1
0.062098 -0.374249 -0.177674 0.894649 -0.426784 -0.132130 -0.446577 -0.862925 -0.236495 0.013086 -0.270587 0.962607 0.162765 0.036433 0.984399 1
0.652728 0.021958 -0.064440 0.995772 -0.051952 -0.075761 0.087391 0.281535 0.955563 0.028314 0.958144 -0.284884 0.084703 0.201857 0.974878 1
0.483061 -0.071995 0.633731 0.196319 -0.027316 0.980159 0.314044 0.948708 -0.036461 -0.928889 0.314971 0.194828 -0.252664 0.376434 0.061098 1
0.326678 0.253609 -0.325564 0.254545 0.633182 -0.730950 0.694420 0.406369 0.593840 0.673044 -0.658745 -0.336255 0.655936 0.285025 0.475325 1
0.320454 0.220847 -0.350477 0.240734 0.490808 -0.837350 0.849761 0.310289 0.426177 0.468991 -0.814143 -0.342373 0.769716 0.318260 0.407836 1
0.674714 0.064632 0.484334 0.979594 -0.144634 -0.139559 0.059110 -0.456340 0.887840 -0.192098 -0.877972 -0.438479 0.176944 0.292522 0.938849 1
0.007782 -0.235980 0.900625 0.584391 -0.076156 0.807891 -0.755387 -0.414755 0.507315 -0.296442 0.906741 0.299906 -0.809385 0.016598 0.587036 1
0.487652 -0.623879 0.799509 0.576022 -0.528733 -0.623410 -0.004010 0.760806 -0.648967 0.817424 0.376319 0.436121 -0.002790 -0.750051 0.633563 1
0.052928 -0.186209 0.289897 -0.389346 -0.452983 0.802008 0.870939 0.102344 0.480615 -0.299791 0.885625 0.354673 -0.034097 0.877163 0.478878 1
-0.955250 0.084493 -0.308196 -0.859089 0.333662 0.388117 -0.494095 -0.342783 -0.798980 0.133550 0.878162 -0.459343 0.331751 -0.188699 0.896548 1
0.623953 -0.002747 0.105759 0.936864 -0.113977 0.330599 -0.307855 0.179597 0.934329 0.165867 0.977115 -0.133169 -0.267983 0.315817 0.868300 1
0.332903 -0.013839 -0.415535 0.256602 -0.102551 -0.961061 0.966274 0.004935 0.257467 0.021661 0.994716 -0.100358 0.858866 0.314679 0.195738 1
0.622606 -0.037626 0.546108 0.735585 -0.677089 -0.021576 -0.598104 -0.664073 0.448642 0.318098 0.317109 0.893451 0.301721 0.299274 0.894773 1
0.339605 0.266166 -0.309239 0.251157 0.683280 -0.685601 -0.620367 -0.430077 -0.655880 0.743011 -0.590053 -0.315867 0.696408 0.297380 0.551489 1
0.313439 0.045331 0.635556 -0.186492 0.033623 0.981881 0.623579 0.776345 0.091854 -0.759190 0.629410 -0.165749 0.853453 -0.488796 0.178838 1
0.337781 0.233477 -0.337543 0.270038 0.556689 -0.785606 0.767923 0.367684 0.524503 0.580840 -0.744921 -0.328205 0.731927 0.292280 0.458699 1
0.094891 -0.183985 0.845367 0.469890 0.188650 0.862331 -0.809551 -0.297341 0.506178 -0.351897 0.935948 -0.013004 -0.813569 -0.009130 0.445316 1
-0.246270 0.103000 0.361723 0.131628 0.158915 0.978478 0.983460 -0.144821 -0.108778 0.124418 0.976613 -0.175349 -0.191860 -0.648602 0.131149 1
-0.212636 0.413796 -0.601905 -0.329537 0.934290 0.136045 0.805421 0.353372 -0.475843 0.492649 0.047234 0.868945 0.077157 -0.112967 0.962702 1
0.163469 -0.185237 0.792565 0.680100 -0.297636 0.669983 -0.732122 -0.228073 0.641857 0.038235 0.927036 0.373019 -0.675702 0.094055 0.727688 1
0.613909 0.100351 0.104164 0.918326 0.285939 0.273708 -0.289380 0.013195 0.957123 0.270068 -0.958157 0.094863 -0.257445 -0.086637 0.954271 1
0.494238 -0.680954 0.896308 0.533734 -0.032560 0.845026 0.327729 0.929131 -0.171199 -0.779565 0.368314 0.506580 -0.245481 -0.688268 0.128530 1
0.455396 -0.373707 0.770889 -0.056782 0.412303 0.909275 -0.110510 0.902553 -0.416156 0.992252 0.124114 0.005685 0.131997 -0.580328 0.271388 1
0.367186 -0.318624 0.674279 -0.851476 0.281807 0.442236 0.082298 0.904692 -0.418043 -0.517895 -0.319559 -0.793516 0.223872 -0.531130 0.769495 1
0.387065 -0.283381 0.682100 -0.744178 0.360126 0.562591 0.106362 0.895364 -0.432448 -0.659459 -0.261979 -0.704614 0.329494 -0.383043 0.681038 1
0.587767 0.050329 -0.216003 0.725955 0.026894 -0.687216 0.672270 0.183015 0.717328 -0.145063 0.982742 -0.114781 0.664746 0.218914 0.710784 1
0.474619 0.196065 0.625776 0.086736 0.330179 0.939925 0.412960 0.846688 -0.335535 0.906610 -0.417254 0.062913 0.583350 -0.743130 0.207218 1
0.350794 0.314236 -0.249270 0.297682 0.773953 -0.558911 -0.607147 -0.298315 -0.736465 0.736721 -0.558574 -0.381100 0.638927 0.264090 0.705999 1
0.338662 0.210690 -0.350912 0.264479 0.461598 -0.846746 0.848421 0.306074 0.431857 0.458511 -0.832614 -0.310679 0.783906 0.286194 0.400868 1
0.382055 -0.597418 0.792424 -0.787623 0.247706 0.564174 -0.063298 0.878260 -0.473976 -0.612898 -0.409026 -0.676058 0.197153 -0.760390 0.609093 1
0.303215 0.185753 -0.372061 0.203362 0.390179 -0.898000 0.931823 0.204441 0.299851 0.300584 -0.897755 -0.322002 0.845799 0.325317 0.332890 1
-0.009864 -0.243048 0.912767 0.576600 -0.054136 0.815231 -0.728526 -0.485739 0.483019 -0.369841 0.872426 0.319517 -0.803153 -0.000279 0.568039 1
0.404466 -0.542843 0.587962 -0.675940 -0.226380 -0.701326 -0.007614 0.953745 -0.300520 0.736918 -0.197794 -0.646398 -0.017598 -0.920880 0.314210 1
-0.794499 -0.183002 -0.507976 -0.305479 -0.865219 -0.397592 0.896167 -0.402362 0.187055 -0.321820 -0.299168 0.898293 -0.383449 -0.267663 0.877085 1
0.460395 -0.661120 0.892316 -0.260734 0.506076 0.822134 -0.171517 0.813760 -0.555317 0.950052 0.285800 0.125374 0.187919 -0.799057 0.551468 1
-0.899711 0.111742 -0.513605 -0.670528 0.409653 -0.618528 0.729310 0.516826 -0.448329 -0.136012 0.751715 0.645310 -0.576176 0.198856 0.756318 1
-0.140404 -0.114026 0.326728 0.260854 -0.277216 0.924720 0.964544 0.114660 -0.237714 -0.040130 0.953941 0.297297 -0.328945 0.866389 0.352522 1
0.378969 -0.176276 0.608515 -0.838315 0.169274 0.518242 -0.033711 0.932664 -0.359169 -0.544143 -0.318567 -0.776159 0.535425 0.084327 0.838567 1
-0.198758 0.048203 0.358939 0.189230 0.047968 0.980760 -0.981911 0.015831 0.188678 0.006476 0.998723 -0.050096 -0.458109 -0.772646 0.126178 1
0.339954 0.166978 -0.370720 0.226760 0.395975 -0.889822 0.914338 0.228176 0.334547 0.335508 -0.889460 -0.310314 0.738198 0.217192 0.284772 1
0.256022 0.034094 0.604481 -0.729520 0.322837 0.602973 0.335713 0.937104 -0.095564 -0.595900 0.132710 -0.792017 0.398686 -0.505224 0.752860 1
-0.100337 0.473748 -0.213329 0.415162 0.835051 -0.361014 0.908060 -0.356206 0.220328 -0.055390 0.419294 0.906159 0.232138 0.260359 0.869184 1
-0.281350 -0.029238 0.370609 0.134876 -0.072885 0.988178 -0.990675 -0.029298 0.133056 -0.019254 0.996910 0.076157 -0.000407 0.074456 0.005547 1
-0.619843 0.169707 -0.629339 -0.361759 0.441236 -0.821244 0.838124 0.539696 -0.079229 0.408263 -0.716966 -0.565050 -0.527022 0.507722 0.504942 1
0.352405 0.279076 -0.290262 0.266174 0.724279 -0.636060 -0.610542 -0.383946 -0.692693 0.745915 -0.572718 -0.340006 0.516982 0.219170 0.465911 1
0.348903 0.250299 -0.320893 0.262210 0.623883 -0.736217 0.684653 0.417375 0.597535 0.680071 -0.660733 -0.317703 0.728771 0.299026 0.512957 1
0.376515 0.224803 -0.329220 0.314099 0.527068 -0.789646 0.756891 0.363071 0.543411 0.573113 -0.768361 -0.284893 0.773720 0.262083 0.482698 1
0.379409 0.375527 0.324955 -0.771093 0.507597 0.384397 0.632828 0.677630 0.374629 0.070318 -0.532131 0.843737 0.513182 0.206230 0.757106 1
0.388108 0.408886 0.239926 -0.818077 0.537715 -0.203994 0.371291 0.764688 0.526683 -0.439197 -0.355126 0.825222 0.248737 0.647769 0.709968 1
0.505636 -0.487822 0.802486 0.487100 0.328351 0.809271 -0.038311 0.933774 -0.355807 -0.872506 0.142310 0.467420 -0.230243 -0.755030 0.444926 1
-0.031789 -0.402453 -0.510437 0.614344 -0.786080 0.068262 0.217986 0.252234 0.942794 -0.758330 -0.564319 0.326313 0.140517 0.193761 0.966648 1
0.012132 0.000253 0.316185 -0.226295 0.006119 0.974040 -0.973910 -0.018896 -0.226146 -0.017022 0.999803 -0.010235 -0.026702 -0.380449 -0.003814 1
-0.107975 0.172253 0.291935 0.367805 0.391483 0.843482 0.929683 -0.174532 -0.324388 0.020222 0.903482 -0.428148 -0.368008 -0.741845 0.504782 1
-0.095941 0.186823 0.280710 0.337989 0.411267 0.846536 0.940388 -0.183777 -0.286177 0.037878 0.892796 -0.448865 -0.372807 -0.748043 0.512265 1
-0.638121 0.110217 -0.649828 -0.193615 0.295817 -0.935417 0.901881 0.428962 -0.051018 0.386166 -0.853513 -0.349845 -0.179195 0.382497 0.158051 0
0.375304 0.238815 -0.319949 0.302004 0.583448 -0.753911 0.713930 0.385654 0.584444 0.631741 -0.714744 -0.300072 0.792270 0.277075 0.531796 1
0.326659 0.089830 -0.405695 0.190710 0.302011 -0.934034 0.972030 0.074759 0.222641 0.137068 -0.950368 -0.279307 0.845543 0.173639 0.228787 1
0.384551 0.314374 -0.226340 0.351441 0.820228 -0.451349 -0.591901 -0.178858 -0.785916 0.725357 -0.543357 -0.422635 0.596360 0.153912 0.744055 1
0.504865 -0.638510 0.879965 0.355453 0.397892 0.845775 0.032154 0.899127 -0.436505 0.934141 -0.182352 -0.306803 -0.109721 -0.839479 0.441043 1
0.391607 0.280335 -0.271308 0.320556 0.726698 -0.607580 -0.631765 -0.313902 -0.708759 0.705774 -0.611045 -0.358479 0.644017 0.214732 0.596610 1
0.441984 -0.052982 -0.596303 0.798941 0.142691 0.584237 -0.599749 0.116892 0.791604 -0.044662 0.982841 -0.178969 -0.546385 -0.142986 0.782100 1
0.646087 0.027119 0.051668 0.965263 -0.044448 0.257473 -0.247621 0.158836 0.955748 0.083378 0.986304 -0.142312 -0.227012 0.225291 0.889959 1
0.310335 0.081392 -0.411692 0.205493 0.286024 -0.935929 0.969475 0.071215 0.234622 0.133759 -0.955572 -0.262659 0.924882 0.206265 0.266103 1
0.690046 0.021225 0.220367 0.951918 -0.157051 -0.263036 0.297617 0.270491 0.915565 0.072641 0.949826 -0.304226 0.294911 0.253302 0.916035 1
0.695242 0.034314 0.231910 0.968204 -0.133377 -0.211642 0.241970 0.284556 0.927620 0.063499 0.949336 -0.307781 0.234290 0.242796 0.918803 1
0.081510 -0.149239 0.585240 -0.450199 -0.093971 -0.887970 0.869342 0.180928 -0.459901 -0.203876 0.978997 -0.000240 -0.813801 -0.217518 0.435614 1
0.019546 -0.383360 -0.024653 0.211164 -0.951189 0.225053 0.909362 0.275606 0.311611 -0.358427 0.138853 0.923174 -0.164354 0.182355 0.924937 1
0.395511 0.257267 -0.294286 0.350519 0.669621 -0.654786 -0.650148 -0.329262 -0.684758 0.674124 -0.665729 -0.319940 0.707321 0.213281 0.596755 1
0.324349 0.037324 -0.418331 0.228955 0.123093 -0.965623 0.972442 0.015924 0.232602 -0.044008 0.992267 0.116055 0.808980 0.353199 0.236838 1
-0.329962 -0.116592 0.360202 0.051455 -0.327181 0.943560 0.985852 0.167562 0.004342 -0.159526 0.929987 0.331174 0.293279 0.904385 0.297604 1
0.616883 0.220622 0.561240 0.652554 0.423493 0.628352 0.138515 0.748602 -0.648389 -0.744974 0.510145 0.429843 -0.392220 -0.202573 0.543856 1
0.363844 -0.659382 0.791732 -0.923446 0.241714 0.298032 0.032692 0.823405 -0.566512 -0.382335 -0.513399 -0.768272 -0.000710 -0.744201 0.601371 1
0.380210 -0.305767 0.686849 -0.777191 0.337049 0.531387 0.096265 0.898199 -0.428918 -0.621858 -0.282197 -0.730519 0.291409 -0.457630 0.716473 1
0.453421 -0.715216 0.908939 0.213833 -0.134318 0.967592 0.272626 0.959352 0.072926 -0.938057 0.248196 0.241760 -0.084792 -0.769268 -0.088049 1
0.396284 0.300297 -0.240671 0.349554 0.791199 -0.501814 -0.595951 -0.225521 -0.770703 0.722949 -0.568458 -0.392684 0.622086 0.169390 0.700407 1
0.238474 -0.231505 -0.583847 0.281909 -0.868613 0.407478 0.952138 0.200976 -0.230308 0.118155 0.452902 0.883696 -0.137542 0.361446 0.865644 1
-0.223199 -0.068237 0.357653 0.191275 -0.136512 0.971997 -0.978877 -0.099383 0.178671 -0.072209 0.985641 0.152638 -0.119966 0.671047 0.117853 1
0.415138 0.208420 -0.320289 0.422122 0.453107 -0.785180 0.768139 0.281197 0.575232 0.481432 -0.845945 -0.229350 0.758981 0.184295 0.514389 1
-0.184221 0.075957 0.352988 0.235653 0.127618 0.963422 -0.971756 0.018147 0.235288 -0.012544 0.991657 -0.128290 -0.467780 -0.821565 0.223246 1
0.379201 0.155870 -0.364005 0.300265 0.416684 -0.858030 0.883563 0.217418 0.414785 0.359385 -0.882669 -0.302883 0.880971 0.197335 0.404125 1
-0.025212 0.104021 0.291618 0.176540 0.368823 0.912581 0.984293 -0.066366 -0.163591 0.000228 0.927127 -0.374746 -0.256886 -0.826116 0.383573 1
-0.495222 -0.062429 0.341222 -0.450043 -0.119793 0.884936 -0.869352 0.285348 -0.403490 0.204179 0.950908 0.232561 0.416851 0.363918 0.261257 1
-0.214994 0.151406 0.343193 0.211688 0.353160 0.911299 0.970548 -0.185677 -0.153495 0.114999 0.916952 -0.382065 -0.326451 -0.807381 0.388721 1
-0.342370 -0.030831 0.375840 0.035600 -0.054171 0.997897 0.997109 -0.065142 -0.039108 0.067124 0.996405 0.051695 0.170105 0.289860 0.009667 1
-0.379640 0.481803 -0.187587 -0.188823 0.981805 -0.020113 0.899708 0.164754 -0.404204 0.393536 0.094419 0.914448 0.028109 0.025785 0.994816 1
0.417734 0.274856 -0.263304 0.341565 0.729650 -0.592405 -0.631646 -0.288530 -0.719565 0.695958 -0.619968 -0.362329 0.701483 0.203527 0.655135 1
0.410800 0.193756 -0.330628 0.426507 0.431067 -0.795156 0.787072 0.256280 0.561104 0.445656 -0.865160 -0.229976 0.717970 0.160482 0.472106 1
-0.206469 0.192818 0.319419 0.215062 0.508761 0.833613 0.965930 -0.236651 -0.104768 0.143974 0.827743 -0.542322 -0.281780 -0.683695 0.489961 1
0.534729 0.208492 0.610794 0.248374 0.357605 0.900238 0.378522 0.819636 -0.430021 0.891645 -0.447566 -0.068215 0.513362 -0.754415 0.158044 1
0.411739 -0.212358 0.411243 -0.038012 -0.992163 0.119031 0.047890 0.117171 0.991956 0.998129 -0.043407 -0.043060 0.145857 0.112236 0.982103 1
0.359049 0.047399 -0.408038 0.250809 0.153691 -0.955758 0.967473 -0.006115 0.252899 -0.033024 0.988100 0.150226 0.862279 0.350635 0.282662 1
0.601313 0.202729 0.584758 0.516778 0.382424 0.765958 0.207614 0.811999 -0.545484 -0.830564 0.440918 0.340227 -0.246705 -0.195172 0.263892 1
-0.013935 -0.011182 0.313983 0.058048 -0.017428 0.998162 -0.996859 -0.054972 0.057012 -0.053877 0.998336 0.020564 -0.574056 -0.727594 0.020681 1
0.431942 0.266324 -0.264864 0.367828 0.696519 -0.616088 -0.649620 -0.281583 -0.706191 0.665355 -0.659980 -0.348898 0.708600 0.192093 0.640232 1
-0.218620 -0.011860 0.361811 0.188918 -0.045616 0.980933 -0.981475 -0.041200 0.187107 -0.031880 0.998109 0.052555 -0.025905 -0.003632 0.004820 1
0.428623 0.214497 -0.309051 0.450731 0.466025 -0.761355 0.745736 0.272202 0.608099 0.490632 -0.841859 -0.224842 0.788657 0.182849 0.578815 1
-0.331127 -0.066499 0.371872 0.066908 -0.127128 0.989627 0.997007 0.047022 -0.061366 -0.038733 0.990771 0.129894 0.279545 0.794044 0.083104 1
0.518017 -0.138446 -0.270316 0.664155 -0.206827 -0.718416 0.716277 -0.099181 0.690732 0.214115 0.973337 -0.082274 0.735851 0.035482 0.670058 1
0.371327 0.061530 -0.401485 0.266496 0.201199 -0.942602 0.961684 0.009817 0.273986 -0.064379 0.979501 0.190873 0.733676 0.266346 0.264279 1
0.358633 -0.056890 -0.401737 0.281131 -0.155830 -0.946933 0.956618 -0.033119 0.289456 0.076467 0.987229 -0.139759 0.796031 0.149890 0.211664 1
0.470921 -0.688601 0.844608 0.581581 -0.611449 -0.536557 0.015998 -0.650851 0.759037 -0.813331 -0.450025 -0.368741 -0.120318 -0.695978 0.662707 1
-0.006353 0.109846 0.286774 -0.052406 0.425205 0.903579 0.996714 -0.033689 0.073661 0.061762 0.904470 -0.422042 -0.183684 -0.856899 0.392585 1
-0.034475 0.175676 0.263308 0.258039 0.430999 0.864671 0.965694 -0.142092 -0.217360 0.029180 0.891095 -0.452878 -0.272599 -0.790018 0.475139 1
0.447288 -0.621526 0.667079 0.978256 -0.205524 0.027834 -0.200534 -0.903069 0.379805 0.052923 0.377129 0.924648 -0.191087 -0.841155 0.504976 1
0.017502 -0.370713 0.033001 0.183416 -0.967524 0.173944 -0.918027 -0.231862 -0.321660 -0.351545 0.100688 0.930741 -0.138528 0.125746 0.845504 1
0.448526 0.252101 -0.268222 0.403149 0.607140 -0.684727 0.693417 0.285611 0.661513 0.597197 -0.741490 -0.305858 0.745115 0.195156 0.611746 1
0.445047 0.235811 -0.284128 0.492596 0.548864 -0.675350 0.684710 0.234548 0.690043 0.537142 -0.802331 -0.260275 0.729747 0.143600 0.648978 1
0.429021 0.195169 -0.319724 0.461194 0.411092 -0.786323 0.773086 0.248763 0.583485 -0.435474 0.876995 0.203082 0.732137 0.148524 0.507062 1
0.406254 0.175742 -0.342067 0.426731 0.409725 -0.806242 0.809149 0.225223 0.542727 -0.403953 0.883968 0.235418 0.828384 0.154870 0.517155 1
0.374538 -0.539493 0.761872 -0.837149 0.139322 0.528934 -0.080675 0.924990 -0.371329 -0.540993 -0.353529 -0.763115 0.254214 -0.751798 0.600372 1
0.385382 -0.544350 0.778364 -0.769633 0.171799 0.614940 -0.100634 0.918443 -0.382539 -0.630507 -0.356298 -0.689575 0.298627 -0.753894 0.584368 1
-0.507226 -0.096292 0.329200 -0.434295 -0.222404 0.872883 -0.899795 0.152216 -0.408901 0.041926 0.962999 0.266224 0.536538 0.619400 0.424768 1
0.372146 -0.504829 0.749960 -0.845447 0.130412 0.517892 -0.079922 0.927912 -0.364131 -0.528045 -0.349245 -0.774078 0.259205 -0.731117 0.607252 1
-0.337804 0.042044 0.376838 0.053950 0.047973 0.997391 -0.984343 0.170409 0.045048 0.167803 0.984205 -0.056415 0.185941 -0.417490 0.010023 1
0.424667 0.176542 -0.331359 0.482904 0.393371 -0.782345 0.776913 0.219716 0.590026 -0.403992 0.892740 0.199513 0.728790 0.127350 0.513880 1
0.402556 0.035514 -0.395523 0.366059 0.088118 -0.926410 0.930580 -0.029746 0.364877 -0.004595 0.995666 0.092890 0.862529 0.341587 0.373308 1
0.399551 -0.002848 -0.396595 0.334260 -0.065614 -0.940194 0.935958 -0.094055 0.339318 0.110694 0.993403 -0.029974 0.871920 0.309265 0.288404 1
0.376891 0.000799 -0.405051 0.301404 -0.074093 -0.950613 0.949458 -0.068337 0.306364 0.087662 0.994907 -0.049751 0.847366 0.306531 0.244776 1
0.381950 -0.054210 -0.394893 0.294609 -0.169343 -0.940494 0.947116 -0.079244 0.310952 0.127186 0.982366 -0.137041 0.471052 0.094610 0.130522 1
-0.689832 0.185382 0.140573 -0.740407 0.515746 0.431049 0.415496 -0.152912 0.896650 0.528356 0.842985 -0.101073 0.261411 -0.369822 0.891511 1
0.009527 -0.334133 0.127970 0.191337 -0.795054 0.575568 0.920406 0.349030 0.176157 -0.340946 0.496051 0.798555 -0.229905 0.498491 0.765013 1
0.412071 0.105053 -0.374144 0.392819 0.334988 -0.856432 0.877931 0.140604 0.457676 -0.273733 0.931673 0.238865 0.829789 0.207718 0.461846 1
-0.269027 0.054990 0.369343 0.124072 0.067925 0.989946 -0.988696 0.093094 0.117528 0.084175 0.993338 -0.078707 -0.080887 -0.456278 0.041445 1
-0.391446 0.453295 -0.425374 -0.253727 0.933186 -0.254534 0.176232 -0.214142 -0.960773 0.951086 0.288631 0.110124 -0.015202 0.258945 0.964515 1
-0.823078 0.172342 -0.329502 0.187541 0.753397 0.630255 0.960757 -0.274208 0.041898 0.204387 0.597664 -0.775257 -0.241592 -0.583829 0.769790 1
0.013253 0.142413 0.273322 -0.165437 0.460216 0.872257 0.983654 0.013237 0.179581 0.071100 0.887708 -0.454883 -0.125346 -0.828991 0.413614 1
0.618592 0.170300 0.587672 0.549981 0.341545 0.762147 0.203683 0.830151 -0.519002 -0.809959 0.440678 0.387000 -0.636385 -0.191143 0.544887 1
-0.045049 0.405568 -0.521690 0.186659 0.498383 0.846624 0.817491 0.399145 -0.415201 -0.544855 0.769608 -0.332920 -0.244154 -0.674233 0.450731 1
0.470749 0.262325 -0.236427 0.581954 0.669958 -0.460961 0.557161 0.084421 0.826102 0.592369 -0.737583 -0.324146 0.608602 0.017055 0.793137 1
0.598237 -0.029017 -0.205884 0.817423 -0.005963 -0.576007 0.565790 0.196089 0.800894 -0.108172 0.980568 -0.163661 0.554204 0.204137 0.784367 1
0.424425 0.143876 -0.348281 0.509918 0.396702 -0.763289 0.766365 0.193536 0.612559 -0.390728 0.897313 0.205331 0.794696 0.114883 0.590608 1
-0.286251 -0.153792 0.343012 0.019166 -0.412860 0.910593 0.980726 0.184889 0.063185 -0.194445 0.891831 0.408446 0.168882 0.849162 0.381453 1
-0.298906 -0.087053 0.365770 0.113684 -0.184167 0.976298 0.990522 0.097256 -0.096994 -0.077088 0.978071 0.193478 0.185655 0.867318 0.141991 1
-0.114214 -0.256756 0.237240 0.076935 -0.604078 0.793203 0.996883 0.060561 -0.050569 -0.017490 0.794621 0.606855 -0.311737 0.741008 0.594565 1
0.354400 -0.137207 -0.385315 0.211643 -0.345875 -0.914099 0.962134 -0.090648 0.257064 -0.171773 -0.933891 0.313593 0.757809 -0.137684 0.227553 1
0.230618 0.253789 -0.354820 0.540634 0.690543 -0.480485 0.617406 0.062261 0.784177 0.571423 -0.720607 -0.392685 0.557096 0.131575 0.815933 1
0.075069 -0.141255 0.833589 0.105138 0.714084 0.692120 0.662020 0.469088 -0.584540 0.742076 -0.519655 0.423418 -0.664200 -0.351186 0.463228 1
0.458274 0.156338 -0.319453 0.526231 0.329506 -0.783905 0.778577 0.183959 0.599980 -0.341903 0.926059 0.159741 0.794222 0.126103 0.586163 1
0.203288 0.129928 0.392578 -0.825481 0.315449 0.468051 -0.516129 -0.086229 -0.852159 0.228453 0.945017 -0.233993 0.254140 -0.496283 0.782693 1
-0.469325 0.087034 0.351927 -0.354463 0.147863 0.923305 -0.808504 0.447597 -0.382071 0.469763 0.881926 0.039109 0.551623 -0.672301 0.319438 1
-0.475247 0.107506 0.345504 -0.371679 0.212381 0.903742 -0.842938 0.330686 -0.424384 0.388986 0.919533 -0.056115 0.532322 -0.710080 0.385796 1
-0.576677 0.210815 -0.636930 -0.537634 0.213750 -0.815635 0.700985 0.650888 -0.291486 -0.468582 0.728461 0.499775 -0.716815 0.392058 0.575241 0
-0.106984 -0.092267 0.324262 0.243101 -0.248218 0.937704 0.968771 0.110798 -0.221826 -0.048834 0.962347 0.267402 -0.322532 0.888427 0.318791 1
0.674289 0.085502 0.188779 0.721470 0.170726 -0.671069 0.607263 0.309689 0.731659 -0.332736 0.935385 -0.119756 0.643131 0.181453 0.737596 1
-0.255728 0.222207 0.310084 0.082989 0.584937 0.806822 0.987082 -0.159588 0.014168 0.137046 0.795224 -0.590625 -0.037705 -0.482398 0.353611 1
-0.016658 -0.378309 0.034118 0.176775 -0.969904 0.167440 -0.898011 -0.228572 -0.375940 -0.402898 0.083906 0.911391 -0.231799 0.095913 0.800300 1
0.435791 0.331918 0.152576 -0.340459 0.244501 -0.907914 0.379593 0.919155 0.105184 0.860231 -0.308827 -0.405745 0.111041 0.695245 0.145590 1
0.174722 -0.158615 0.557408 -0.055773 -0.675772 -0.734998 0.813075 0.396506 -0.426253 0.579481 -0.621382 0.527339 -0.666855 -0.430415 0.446334 1
-0.316381 0.081423 0.371382 0.089276 0.149234 0.984764 0.986391 -0.150302 -0.066646 0.138066 0.977312 -0.160621 0.097647 -0.507480 0.068052 1
0.454143 0.105828 -0.347362 0.607029 0.382780 -0.696416 0.691605 0.177163 0.700211 -0.391406 0.906693 0.157189 0.686451 0.136370 0.673297 1
0.440971 0.075617 -0.370173 0.517953 0.231712 -0.823428 0.828028 0.105792 0.550616 -0.214696 0.967015 0.137068 0.779828 0.258724 0.563333 1
0.441192 0.034061 -0.376265 0.553457 0.063428 -0.830459 0.832615 -0.017063 0.553590 -0.020943 0.997841 0.062255 0.782255 0.302654 0.544447 1
-0.278019 -0.000731 0.371694 0.131236 -0.016424 0.991215 -0.991289 0.009066 0.131396 0.011144 0.999824 0.015092 -0.007052 -0.008708 0.000789 1
0.403981 -0.087689 -0.379385 0.376191 -0.234379 -0.896408 0.893674 -0.163617 0.417824 0.244597 0.958278 -0.147907 0.737337 0.048900 0.296649 1
0.497964 0.432126 0.202544 0.250975 0.803527 -0.539774 -0.371295 -0.435059 -0.820282 0.893953 -0.406286 -0.189157 0.314735 0.459440 0.830278 1
-0.045791 -0.250404 0.933343 0.186472 0.408518 0.893500 0.616384 0.659550 -0.430192 0.765048 -0.630958 0.128816 -0.940890 -0.111890 0.247520 1
0.455800 0.335880 0.147486 -0.245015 0.228825 -0.942129 0.417072 0.902114 0.110641 0.875225 -0.365826 -0.316468 0.169469 0.585777 0.098201 1
0.492498 0.214606 -0.261872 0.631404 0.471408 -0.615714 0.640839 0.129880 0.756609 -0.436640 0.872299 0.220090 0.668264 0.072001 0.740420 1
-0.276999 0.160779 0.349317 0.071276 0.378596 0.922813 0.984532 -0.175157 -0.004182 0.160054 0.908837 -0.385224 -0.012211 -0.747579 0.307647 1
-0.230813 0.168784 0.339306 0.174503 0.428231 0.886661 0.972857 -0.213972 -0.088125 0.151983 0.877972 -0.453946 -0.223688 -0.739016 0.400946 1
-0.217749 -0.375562 0.806059 -0.973698 0.196864 0.114701 -0.016618 -0.563447 0.825985 0.227234 0.802354 0.551899 0.003416 -0.377965 0.677713 1
0.453199 0.087563 -0.357687 0.600987 0.314969 -0.734581 0.729425 0.159571 0.665189 -0.326731 0.935592 0.133846 0.695159 0.183971 0.647617 1
0.222357 -0.071439 0.723196 0.324457 0.618511 0.715662 0.686426 0.366596 -0.628034 -0.650805 0.695019 -0.305617 -0.258103 -0.113845 0.215406 1
0.378577 -0.721708 0.874790 -0.724351 0.453374 0.519391 -0.126605 0.653077 -0.746633 -0.677707 -0.606582 -0.415658 0.046368 -0.672826 0.651973 1
-0.666182 -0.315951 -0.353618 -0.658597 -0.748255 -0.079785 -0.750895 0.660403 0.004857 -0.049056 -0.063109 0.996800 -0.093234 -0.022945 0.984802 1
0.265697 0.307313 0.110382 -0.114353 0.869173 0.481104 0.812894 -0.196521 0.548255 0.571076 0.453781 -0.684073 0.268147 -0.431098 0.842567 1
-0.419810 0.230120 0.300161 -0.158980 0.639669 0.752030 0.980971 0.016357 0.193465 0.111452 0.768477 -0.630097 0.330679 -0.673726 0.642970 1
0.477122 0.156209 -0.307133 0.557214 0.292643 -0.777092 0.771064 0.164969 0.615017 -0.308176 0.941884 0.133723 0.782246 0.122960 0.607215 1
0.311136 0.000901 -0.422601 0.289524 -0.022619 -0.956904 0.957078 0.020728 0.289087 -0.013296 0.999529 -0.027649 0.846218 0.384372 0.246949 1
0.462467 0.119976 -0.332180 0.613354 0.336864 -0.714367 0.712919 0.153134 0.684322 -0.339917 0.929017 0.146232 0.719922 0.124661 0.676908 1
-0.094225 -0.300150 0.724320 0.120741 -0.758828 -0.640002 -0.411102 -0.625057 0.663551 0.903558 -0.182988 0.387425 -0.745701 -0.491711 0.442323 1
-0.534376 -0.363869 -0.524217 -0.436056 -0.745087 -0.504678 0.862643 -0.505811 0.001412 -0.256324 -0.434742 0.863306 -0.405140 -0.336932 0.847485 1
0.511292 0.391257 0.169355 0.262774 0.555087 -0.789194 -0.457113 -0.648699 -0.608471 0.849704 -0.520642 -0.083276 0.433052 0.635201 0.590966 1
-0.851917 0.054755 -0.571498 -0.567557 0.097866 -0.817497 0.823281 0.056106 -0.564855 0.009414 0.993617 0.112415 -0.695276 0.133573 0.498694 1
-0.313137 0.096201 0.368505 0.081328 0.185154 0.979338 0.985464 -0.161984 -0.051212 0.149155 0.969267 -0.195637 0.081938 -0.594197 0.105535 1
0.492926 0.197826 -0.273471 0.608169 0.419131 -0.674136 0.688147 0.144972 0.710941 -0.395708 0.896277 0.200257 0.705364 0.094213 0.694916 1
0.460662 0.070152 -0.357808 0.637346 0.204654 -0.742904 0.741420 0.099829 0.663574 -0.209966 0.973731 0.088108 0.689158 0.234262 0.655771 1
-0.768605 -0.097530 0.058570 -0.912164 -0.182259 0.367067 -0.372294 -0.005929 -0.928096 -0.171331 0.983233 0.062446 0.294471 0.314795 0.888067 1
0.456666 -0.021531 -0.365789 0.673739 -0.047908 -0.737415 0.733384 -0.079109 0.675196 0.090683 0.995714 0.018164 0.719019 0.269186 0.639443 1
0.463780 0.312182 0.139112 -0.196642 0.313627 -0.928962 -0.449679 -0.870786 -0.198798 0.871275 -0.378643 -0.312264 0.331809 0.838497 0.212848 1
0.523716 0.072366 0.638359 0.177723 0.020521 0.983866 0.343554 0.935584 -0.081572 -0.922163 0.352508 0.159225 -0.050845 0.099758 0.007104 1
0.407989 -0.732769 0.694715 0.674737 -0.676929 -0.294102 -0.258491 -0.589985 0.764919 -0.691312 -0.440096 -0.573065 -0.196023 -0.469483 0.630880 1
-0.671169 -0.307548 -0.370383 -0.732088 -0.657012 -0.179949 -0.670090 0.742093 0.016675 -0.122583 -0.132790 0.983535 -0.147574 -0.103767 0.979242 1
0.235624 -0.230274 0.283081 0.219312 -0.664446 0.714432 0.892903 0.431818 0.127507 -0.393226 0.609954 0.687989 0.026482 0.733943 0.674462 1
0.490066 0.138431 -0.303806 0.592875 0.262014 -0.761478 0.756516 0.142884 0.638176 -0.276014 0.954428 0.113506 0.760490 0.128767 0.636413 1
0.486874 0.120009 -0.311539 0.597147 0.263369 -0.757662 0.751856 0.145370 0.643103 -0.279515 0.953679 0.111208 0.739512 0.148267 0.634381 1
-0.276026 0.392992 -0.550789 -0.061036 0.862105 -0.503041 0.987487 -0.021264 -0.156258 -0.145407 -0.506284 -0.850020 -0.072612 0.491697 0.851474 1
-0.806173 0.178109 -0.545157 -0.489434 0.564467 -0.664704 0.853504 0.466400 -0.232384 0.178845 -0.681064 -0.710047 -0.529845 0.378975 0.711961 1
0.539797 0.226196 -0.190975 0.637096 0.583718 -0.503371 0.629263 -0.016747 0.777012 0.445126 -0.811783 -0.377982 0.600268 0.033139 0.798163 1
0.532092 0.206793 -0.216939 0.681902 0.485856 -0.546766 0.601852 0.052108 0.796906 -0.415673 0.872484 0.256880 0.605069 0.044454 0.794117 1
0.508401 0.180879 -0.268946 0.669015 0.370664 -0.644226 0.662518 0.095463 0.742938 -0.336880 0.923848 0.181705 0.669516 0.075442 0.738685 1
0.508916 0.137703 -0.288131 0.662756 0.255797 -0.703791 0.706220 0.099021 0.701034 -0.249012 0.961646 0.115022 0.695817 0.123653 0.700190 1
0.511023 0.114072 -0.294285 0.655897 0.237981 -0.716355 0.715038 0.108251 0.690653 -0.241908 0.965219 0.099164 0.697581 0.165383 0.693649 1
0.365369 -0.468447 0.729203 -0.882359 0.115608 0.456155 -0.062880 0.931694 -0.357760 -0.466357 -0.344356 -0.814819 0.233298 -0.728996 0.636035 1
0.182534 0.336554 -0.221125 -0.144423 0.971485 -0.188039 0.971344 0.175439 0.160349 0.188766 -0.159492 -0.968984 0.219150 0.215526 0.945179 1
-0.429727 0.380692 0.062110 0.084169 0.807462 0.583884 0.069798 0.579746 -0.811802 0.994004 -0.109082 0.007563 0.236495 -0.585105 0.775059 1
0.546178 0.210611 -0.198900 0.652007 0.514029 -0.557369 0.639715 0.021657 0.768307 -0.407003 0.857499 0.314712 0.619755 0.061622 0.781815 1
-0.067765 0.452534 -0.647532 -0.029696 0.704984 -0.708601 0.989208 -0.081031 -0.122073 -0.143478 -0.704579 -0.694970 -0.164350 0.690095 0.693461 0
0.521097 0.102974 -0.288577 0.674625 0.244521 -0.696484 0.697144 0.099087 0.710051 -0.242635 0.964568 0.103620 0.668376 0.182240 0.711380 1
0.492598 -0.002125 -0.331255 0.713094 0.026412 -0.700571 0.701016 -0.014573 0.712997 -0.008623 0.999545 0.028907 0.603381 0.236737 0.623091 1
0.469595 -0.074130 -0.343531 0.660275 -0.191900 -0.726093 0.716094 -0.130552 0.685686 0.226376 0.972693 -0.051218 0.732088 0.166494 0.621723 1
-0.285575 0.195347 0.332182 0.038375 0.551893 0.833032 0.989703 -0.136034 0.044532 0.137898 0.822745 -0.551430 0.047698 -0.653104 0.430492 1
0.515044 0.261626 0.113819 0.614896 0.607859 -0.502404 0.366585 0.343739 0.864557 0.698225 -0.715787 -0.011468 0.567623 0.092974 0.807208 1
0.548214 0.168331 -0.224126 0.745042 0.311798 -0.589656 0.605334 0.055227 0.794054 -0.280149 0.948542 0.147596 0.600211 0.060867 0.790563 1
0.644641 0.007601 0.051543 0.962932 -0.116314 0.243377 -0.221749 0.172381 0.959746 0.153586 0.978139 -0.140199 -0.194063 0.271880 0.897757 1
0.246654 0.012857 0.610383 -0.567518 0.654192 0.499955 0.440896 0.754277 -0.486495 0.695366 0.055667 0.716497 0.185725 -0.489394 0.851195 1
0.273800 -0.024022 0.660466 0.195065 0.650228 0.734270 0.635594 0.486371 -0.599553 0.746974 -0.583650 0.318407 0.057992 -0.350118 0.294638 1
