-0.013446 -0.244242 -0.617974 0.003661 -0.022191 -0.999747 0.994007 -0.109152 0.006063 -0.109259 -0.993777 0.021659 -0.010159 -0.002574 0.000020 0
-0.022283 -0.122960 0.340904 -0.841230 0.370646 -0.393641 0.382867 -0.105704 -0.917736 0.381765 0.922740 0.052987 -0.348296 0.175853 0.909906 1
-0.245971 -0.350025 -0.465729 -0.024252 -0.143747 0.989317 -0.685435 0.722770 0.088215 0.727729 0.675974 0.116058 0.001415 0.975862 0.141827 1
-0.708332 -0.138663 -0.509060 -0.986782 0.010182 0.161732 -0.161707 0.003245 -0.986833 0.010573 0.999943 0.001555 0.158882 -0.033781 0.971517 1
0.092750 0.054793 -0.442213 -0.055018 0.070718 0.995978 0.958648 -0.275205 0.072496 0.279225 0.958781 -0.052653 0.066261 -0.572925 0.044340 1
0.862839 0.083227 -0.465463 0.692902 0.688503 0.214127 0.384224 -0.603872 0.698362 0.610130 -0.401624 -0.682964 -0.154073 -0.141739 0.954319 1
-0.085081 -0.035637 0.095361 -0.397985 0.793637 0.460161 -0.172271 0.428021 -0.887198 0.901072 0.432364 0.033625 0.329558 -0.338716 0.869209 1
-0.281853 -0.368386 -0.470559 -0.048490 -0.198374 0.978926 -0.640720 0.758039 0.121875 0.766241 0.621308 0.163859 0.005023 0.969295 0.196671 1
0.804963 0.119759 -0.616942 0.113175 0.156071 -0.981241 0.914084 -0.403420 0.041263 -0.389412 -0.901606 -0.188319 0.052394 -0.173238 -0.021511 0
-0.166097 -0.041457 0.176251 -0.500773 0.857625 -0.117075 0.173530 0.231982 0.957116 0.848006 0.458981 -0.264994 -0.149901 0.046984 0.985355 1
-0.163919 -0.225974 -0.448636 0.191781 -0.322072 0.927086 0.805062 -0.488650 -0.336297 0.561333 0.810858 0.165575 -0.023012 0.934277 0.329331 1
-0.241595 -0.219612 -0.002290 -0.517254 -0.478255 0.709733 -0.793014 -0.044019 -0.607611 -0.321835 0.877117 0.356494 0.373373 0.603187 0.678573 1
-0.956824 -0.200976 -0.151700 -0.903116 -0.424872 -0.062167 -0.149921 0.176327 0.972848 -0.402374 0.887915 -0.222941 -0.121145 0.119760 0.941417 1
-0.759351 -0.035019 0.352683 -0.019251 0.812336 0.582873 -0.031567 0.582196 -0.812435 0.999316 0.034040 -0.014435 0.512674 -0.472009 0.674761 1
-0.559607 0.077641 0.136356 0.353807 -0.894284 -0.274001 -0.897105 -0.407344 0.171092 0.264618 -0.185275 0.946388 0.912985 0.300303 0.198772 1
-0.783651 -0.036516 0.351750 -0.187516 0.841117 0.507306 -0.046089 0.508365 -0.859908 0.981180 0.184627 0.056560 0.508102 -0.351363 0.770372 1
0.552483 -0.330614 -0.424029 -0.119696 -0.158446 0.980085 0.641518 0.741073 0.198154 0.757712 -0.652461 -0.012942 -0.056747 0.885343 0.136199 1
-0.475034 -0.031437 0.486352 0.001413 0.912528 -0.409013 -0.199242 -0.400556 -0.894348 0.979949 -0.082756 -0.181248 0.918937 0.154528 0.347935 1
-0.875442 -0.237810 0.207861 -0.750151 -0.561722 0.348915 0.595162 -0.343565 0.726461 -0.288194 0.752616 0.592041 0.122376 0.165040 0.528804 1
-0.168953 -0.239344 -0.377798 0.686886 -0.637754 -0.348507 0.338783 -0.143267 0.929893 -0.642972 -0.756799 0.117652 0.630048 0.294986 0.701973 1
0.532725 -0.341687 -0.426764 -0.052989 -0.063467 0.996576 0.753129 0.652790 0.081618 -0.655735 0.754875 0.013208 -0.034806 0.997353 0.061666 1
-0.011971 -0.219493 -0.439657 -0.000181 -0.024036 0.999711 0.868374 -0.495771 -0.011763 0.495910 0.868121 0.020962 0.118088 0.969366 0.023328 1
-0.544056 -0.041052 0.507554 -0.327460 0.857063 -0.397760 0.919959 0.385220 0.072677 0.215514 -0.342124 -0.914606 0.682992 0.502808 0.521132 1
-0.000968 -0.148031 -0.213804 0.725089 -0.067676 -0.685322 0.685217 -0.028415 0.727784 0.068727 0.997303 -0.025769 0.661768 -0.008707 0.701029 1
-0.138570 -0.067696 0.117843 -0.575343 0.647934 -0.499162 -0.347472 0.358852 0.866307 0.740435 0.671868 0.018676 -0.445925 0.233993 0.817714 1
-0.619919 -0.028840 0.561612 -0.224762 0.955781 -0.189646 0.809755 0.291469 0.509257 -0.542014 0.039105 0.839459 0.337764 0.254589 0.882773 1
-0.152651 -0.073922 0.127414 -0.660877 0.408321 -0.629695 0.494495 -0.394243 -0.774627 0.564550 0.823314 -0.058633 -0.494334 0.199673 0.648290 1
0.086639 -0.249375 -0.432609 -0.096175 0.005314 0.995350 -0.637010 0.768055 -0.065651 -0.764832 -0.640362 -0.070482 0.007014 0.138310 -0.000060 1
0.643841 -0.222628 -0.613731 0.001104 -0.013444 -0.999909 0.863552 -0.504201 0.007732 -0.504259 -0.863482 0.011053 0.003312 0.004440 -0.000056 0
-0.237004 -0.374572 -0.468528 -0.086969 -0.096401 0.991536 0.892449 -0.449823 0.034544 0.442686 0.887900 0.125153 0.025041 0.916675 0.091319 1
-0.427012 -0.510845 0.141568 0.076714 -0.893757 -0.441943 0.984266 -0.002878 0.176672 -0.159174 -0.448543 0.879473 0.739967 -0.246024 0.625988 1
-0.574468 -0.029600 0.545850 -0.118878 0.889081 -0.442044 0.936316 0.248536 0.248077 0.330424 -0.384402 -0.862006 0.472773 0.417280 0.712132 1
0.686702 -0.238599 -0.613586 0.008313 -0.012921 -0.999882 0.461059 -0.887238 0.015299 0.887331 0.461132 0.001418 0.067585 -0.109410 0.001976 0
0.415521 -0.354769 -0.427337 0.035074 0.001769 0.999383 -0.992035 -0.120995 0.035030 -0.120983 0.992652 0.002489 0.081774 0.657149 -0.004033 1
0.011038 -0.159145 -0.200217 0.683233 -0.102551 -0.722963 0.724877 -0.024082 0.688458 0.088013 0.994436 -0.057883 0.711604 0.008034 0.671359 1
-0.712360 -0.231603 -0.129863 0.443563 -0.515051 0.733468 0.729418 -0.268069 -0.629355 0.520770 0.814163 0.256782 -0.144005 0.758748 0.619890 1
-0.696672 -0.213650 0.069390 0.547833 -0.225798 -0.805540 -0.455438 0.727199 -0.513573 0.701752 0.648226 0.295547 0.742643 -0.308941 0.591656 1
-0.246116 -0.315239 -0.458621 0.193161 -0.269187 0.943518 -0.609708 0.720490 0.330379 0.768729 0.639087 0.024955 0.006293 0.907013 0.257484 1
-0.653183 -0.050855 0.303347 0.756709 0.361570 0.544663 0.158967 0.706363 -0.689768 -0.634130 0.608537 0.477034 -0.591889 0.027874 0.803817 1
-0.455258 -0.019037 0.522577 0.100645 0.959005 -0.264916 -0.237289 -0.235447 -0.942475 0.966211 -0.157717 -0.203865 0.737516 0.046943 0.450124 1
-0.676644 0.077391 -0.450529 -0.221855 0.936183 -0.272659 0.442956 -0.152346 -0.883505 0.868660 0.316785 0.380889 -0.238138 0.203871 0.893763 1
-0.528680 -0.318596 -0.197475 -0.019525 -0.693781 0.719921 0.989241 0.091011 0.114535 -0.144984 0.714412 0.684540 0.018713 0.717130 0.691599 1
0.883138 -0.342664 -0.607724 0.215142 -0.167781 -0.962062 0.647668 0.761828 0.011975 0.730917 -0.625673 0.272568 0.010433 -0.061526 0.013063 0
-0.637443 -0.066970 0.288204 0.845453 0.222101 0.485676 0.181126 0.736269 -0.651998 -0.502397 0.639202 0.582252 -0.504494 0.035468 0.861992 1
-0.827313 -0.052318 0.341575 -0.582698 0.688390 0.431951 0.156141 -0.426777 0.890776 0.797548 0.586498 0.141196 0.329758 -0.262067 0.862490 1
-0.159218 -0.342145 0.272580 0.128337 0.766467 -0.629331 -0.678570 -0.394912 -0.619344 0.723237 -0.506531 -0.469420 -0.490462 -0.464324 -0.665521 1
-0.626852 -0.054834 0.264858 0.836004 0.203833 0.509461 0.092814 0.862540 -0.497404 -0.540817 0.463117 0.702168 -0.531571 0.099165 0.832610 1
0.080163 -0.037450 0.356778 -0.327351 0.923083 0.201888 -0.116007 -0.251305 0.960931 0.937755 0.291141 0.189350 0.204569 -0.135541 0.951427 1
-0.751508 -0.223078 -0.070675 0.751348 -0.611665 0.247674 -0.253018 0.079616 0.964180 -0.609474 -0.787100 -0.094943 0.013170 0.389094 0.920970 1
0.378465 -0.037969 -0.086253 -0.235008 0.798021 -0.554918 0.854836 -0.102041 -0.508767 -0.462631 -0.593928 -0.658196 -0.631222 0.162149 0.500507 1
0.360213 -0.045434 -0.087528 -0.240453 0.768723 -0.592661 0.875138 -0.092441 -0.474962 -0.419900 -0.632866 -0.650511 -0.635710 0.130259 0.426873 1
-0.416491 -0.514315 0.155441 0.060631 -0.974719 -0.215048 0.989139 0.029772 0.143934 -0.133893 -0.221440 0.965939 0.743389 -0.099230 0.659359 1
0.034904 -0.018899 0.402475 0.527414 0.638836 -0.560110 0.561244 -0.756906 -0.334812 0.637840 0.137774 0.757746 -0.058924 0.685064 0.725869 1
0.279523 -0.043732 -0.060472 -0.108704 0.741420 -0.662178 0.961890 -0.089678 -0.258314 -0.250902 -0.665022 -0.703416 -0.826865 0.261442 0.428468 1
0.136839 -0.243442 0.341832 0.382983 -0.842450 0.378949 -0.230772 0.309964 0.922316 -0.894465 -0.440682 -0.075703 0.236757 0.462416 0.788728 1
-0.851389 -0.181655 0.335495 -0.822040 -0.400487 0.404797 -0.374717 -0.154816 -0.914122 -0.428763 0.903129 0.022804 0.341679 0.221251 0.912758 1
-0.307697 -0.054205 0.644532 0.761041 0.648680 -0.005545 0.642842 -0.755284 -0.127677 0.087010 -0.093603 0.991800 -0.061452 0.077902 0.679136 1
-0.269199 -0.351608 -0.467793 -0.006542 -0.217875 0.975955 -0.607713 0.775934 0.169149 0.794130 0.591994 0.137481 -0.018937 0.975606 0.217671 1
0.259147 -0.051948 -0.066378 -0.069874 0.714960 -0.695665 0.979535 -0.082779 -0.183462 -0.188754 -0.694248 -0.694544 -0.860786 0.265822 0.359654 1
-0.488358 -0.323078 -0.201027 -0.026566 -0.775930 0.630260 0.976814 0.113835 0.181319 -0.212436 0.620463 0.754915 0.028272 0.567154 0.699431 1
-0.073366 -0.223901 -0.241080 0.563260 -0.696137 -0.445120 0.621942 0.002528 0.783059 -0.543992 -0.717904 0.434381 0.397712 0.064518 0.402368 1
-0.601294 -0.252260 0.634339 -0.398730 -0.910803 0.107020 -0.722393 0.240051 -0.648478 -0.564946 0.335878 0.753673 0.467844 -0.101664 0.877852 1
0.812173 -0.066206 -0.246027 0.706471 0.349035 0.615689 -0.619804 -0.114856 0.776306 -0.341674 0.930044 -0.135191 -0.348101 -0.172746 0.497358 1
-0.006485 -0.031149 0.192159 0.025261 0.931343 -0.363267 0.031598 -0.363945 -0.930884 0.999181 -0.012036 0.038623 0.312477 0.334986 0.880565 1
-0.603061 0.005370 0.138980 0.787767 -0.237713 -0.568257 0.334999 0.939510 0.071390 0.516913 -0.246604 0.819748 0.596844 0.388017 0.665081 1
-0.612134 -0.048962 0.170312 0.864423 -0.356637 -0.354378 -0.371805 -0.927921 0.026904 0.338430 -0.108503 0.934715 0.430431 0.166028 0.882850 1
-0.366352 -0.244508 -0.099017 -0.427011 -0.454982 0.781443 0.830833 0.143681 0.537655 -0.356902 0.878833 0.316661 0.257688 0.747073 0.575782 1
-0.927998 -0.222223 0.076314 -0.758663 -0.633234 0.153119 0.295876 -0.125506 0.946945 -0.580420 0.763717 0.282576 -0.051724 0.291495 0.949218 1
0.112309 -0.339341 -0.429786 -0.075684 -0.032092 0.996615 -0.996952 0.021427 -0.075020 0.018947 0.999255 0.033616 0.087434 0.993638 0.038636 1
0.945687 -0.204559 -0.608856 0.090192 -0.027187 -0.995553 0.131856 0.991154 -0.015121 0.987157 -0.129906 0.092979 -0.211501 0.048530 -0.020486 0
-0.483761 -0.511717 0.145045 -0.066480 -0.954682 -0.290108 0.989810 -0.099793 0.101577 -0.125924 -0.280399 0.951588 0.753189 -0.236626 0.606088 1
0.743048 -0.331234 -0.611824 0.010633 -0.018960 -0.999764 0.772181 0.635391 -0.003837 0.635314 -0.771958 0.021397 -0.008884 0.021384 -0.000500 0
-0.626044 -0.204352 0.258388 0.858236 -0.240646 0.453343 0.041303 0.912788 0.406339 -0.511590 -0.330011 0.793327 -0.475544 -0.042799 0.877546 1
-0.332549 -0.235543 -0.074491 -0.461046 -0.457384 0.760419 -0.808831 -0.135879 -0.572128 -0.365007 0.878827 0.307300 0.278377 0.729292 0.607443 1
-0.017257 -0.021365 0.376336 0.204483 0.168998 -0.964171 -0.429495 0.900598 0.066767 0.879614 0.400454 0.256740 -0.503265 0.862889 0.044512 1
0.002682 -0.258180 -0.617353 0.006526 -0.028641 -0.999568 0.988984 -0.147635 0.010687 -0.147877 -0.988627 0.027362 -0.001711 -0.008248 0.000225 0
0.961252 -0.230392 -0.572502 0.943493 -0.281706 0.174538 -0.284954 -0.958518 -0.006689 -0.169182 0.043425 0.984628 -0.114842 0.188015 0.924251 1
-0.466358 -0.504764 0.130146 -0.000917 -0.813987 -0.580883 0.981310 -0.112512 0.156114 -0.192431 -0.569883 0.798877 0.745214 -0.387894 0.542376 1
-0.724262 -0.035149 -0.100397 0.637082 0.658912 0.399951 -0.476515 -0.071163 0.876281 0.605854 -0.748846 0.268645 -0.045762 -0.485611 0.872929 1
0.036131 -0.042375 0.500760 0.555057 0.532769 0.638803 -0.798189 0.125003 0.589294 -0.234106 0.836978 -0.494634 -0.479005 -0.345069 0.704000 1
0.140771 -0.068352 -0.095410 0.248529 0.597555 -0.762339 0.963469 -0.071414 0.258121 0.099800 -0.798641 -0.593475 0.901335 0.104701 0.375912 1
-0.305898 -0.339829 -0.251719 0.084370 -0.988098 0.128621 0.727486 0.149290 0.669684 -0.680915 0.037068 0.731424 0.247340 0.141574 0.925369 1
-0.208030 -0.035904 0.578525 -0.187651 0.974480 -0.123194 -0.666486 -0.034193 0.744733 0.721515 0.221857 0.655894 -0.413272 0.022145 0.804671 1
0.759201 -0.345860 -0.611571 0.005917 -0.008294 -0.999948 0.877330 0.479885 0.001211 0.479850 -0.877292 0.010116 0.001234 0.014022 -0.000109 0
0.229413 -0.281257 -0.614666 0.002283 -0.031982 -0.999486 0.999909 0.013402 0.001855 0.013336 -0.999399 0.032009 -0.000112 0.000536 -0.000017 0
0.904353 -0.068849 -0.365038 0.832600 0.223901 0.506602 -0.452845 -0.251469 0.855392 -0.318918 0.941611 0.107981 -0.453351 -0.167920 0.819297 1
-0.881851 -0.040640 0.243054 -0.789580 0.479137 0.383393 0.397022 -0.077521 0.914529 0.467906 0.874310 -0.129019 0.212554 -0.372327 0.903052 1
-0.734802 -0.245540 0.065271 0.354949 -0.563008 -0.746347 0.457576 -0.591547 0.663850 0.815252 0.577143 -0.047650 0.578359 -0.491889 0.646114 1
-0.266761 -0.333935 -0.265533 0.283202 -0.957355 -0.057160 0.620154 0.137337 0.772365 -0.731578 -0.254183 0.632602 0.302518 0.043217 0.775023 1
0.567506 -0.252099 -0.346647 -0.588821 -0.798191 0.127205 -0.004274 0.160454 0.987034 -0.808252 0.580643 -0.097890 -0.452559 0.452374 0.743715 1
-0.257480 -0.320453 -0.458470 0.212767 -0.353802 0.910799 -0.565383 0.715666 0.410078 0.796914 0.602201 0.047764 -0.000577 0.896075 0.348217 1
-0.005645 -0.148759 -0.439992 0.016513 -0.002039 0.999862 -0.999455 0.028569 0.016564 0.028599 0.999590 0.001566 0.128057 0.227876 -0.001650 1
-0.554277 -0.044686 0.758196 -0.408185 0.667878 0.622353 0.887025 0.129006 0.443334 0.215806 0.733005 -0.645082 0.627352 -0.289279 0.721903 1
0.545693 -0.234814 -0.333973 -0.659851 -0.751235 -0.015573 -0.084576 0.053662 0.994971 -0.746622 0.657850 -0.098946 -0.514337 0.436623 0.730712 1
-0.337266 -0.032485 0.688158 0.622091 0.731281 0.279700 0.745345 -0.443758 -0.497535 0.239718 -0.517985 0.821113 0.221542 -0.381617 0.505005 1
-0.520514 -0.502710 0.188731 -0.130490 -0.890037 0.436813 0.985509 -0.164599 -0.040979 0.108372 0.425136 0.898618 0.841140 0.061905 0.377410 1
-0.619036 -0.254780 -0.161569 0.016490 -0.359445 0.933021 0.963949 -0.242141 -0.110321 0.265577 0.901203 0.342494 -0.035912 0.662613 0.255905 1
0.005028 -0.235147 -0.145025 0.416261 -0.765630 -0.490446 0.789685 0.037055 0.612392 -0.450692 -0.642213 0.620031 0.708609 -0.022288 0.636217 1
0.956663 -0.249619 -0.586394 0.939683 -0.338914 0.046189 -0.339053 -0.940754 -0.005020 -0.045154 0.010944 0.998920 0.008963 0.159371 0.987047 1
-0.080027 -0.241981 -0.219818 0.510451 -0.744636 -0.430066 0.674971 0.037091 0.736911 -0.532779 -0.666440 0.521540 0.644761 0.054294 0.671269 1
0.713949 -0.143831 -0.127836 0.701825 -0.110665 0.703701 -0.707301 0.009140 0.706854 0.084656 0.993816 0.071859 -0.400165 0.040864 0.405525 1
-0.311359 -0.397643 -0.478601 -0.075404 -0.225494 0.971322 0.777698 -0.622967 -0.084250 0.624100 0.749042 0.222341 0.021437 0.965355 0.225773 1
-0.290697 -0.194288 -0.025966 -0.575298 -0.287197 0.765866 -0.786719 -0.061952 -0.614194 -0.223842 0.955866 0.190303 0.363989 0.737749 0.550072 1
-0.912868 -0.238456 0.076343 -0.701587 -0.699745 0.134657 0.349093 -0.172773 0.921023 -0.621216 0.693186 0.365491 -0.067558 0.244802 0.920125 1
-0.431686 -0.028403 0.769017 0.147119 0.766137 0.625612 0.981742 -0.035999 -0.186781 -0.120579 0.641669 -0.757444 0.597178 -0.569124 0.556528 1
-0.678236 0.079371 -0.274762 -0.076059 0.970460 0.228958 0.996269 0.083354 -0.022346 -0.040770 0.226404 -0.973180 -0.114603 -0.216618 0.880085 1
-0.424452 -0.354970 -0.298759 0.078995 -0.988582 0.128319 0.945261 0.115164 0.305318 -0.316610 0.097176 0.943565 0.129123 0.130722 0.927606 1
-0.595273 -0.022991 0.651197 -0.451117 0.882767 0.131212 0.713969 0.268757 0.646543 -0.535483 -0.385348 0.751509 0.380993 0.061956 0.893061 1
0.532101 -0.047021 -0.320951 -0.668525 0.742574 -0.040714 -0.100945 -0.036367 0.994227 0.736807 0.668776 0.099271 -0.371206 -0.301290 0.600062 1
-0.310945 -0.336572 -0.228851 0.038133 -0.979331 0.198637 0.801318 0.148732 0.579455 -0.597022 0.137075 0.790427 0.229956 0.179931 0.842962 1
-0.644574 -0.018060 -0.628238 -0.002659 -0.010723 -0.999939 0.785720 0.618521 -0.008722 0.618577 -0.785695 0.006781 0.012150 -0.011693 0.000093 0
0.952033 -0.067226 -0.489275 0.955944 0.218251 0.196308 -0.236440 0.176136 0.955548 0.173973 -0.959866 0.219979 -0.165135 -0.079094 0.892076 1
-0.776872 -0.040456 -0.568006 -0.859729 0.265767 0.436158 0.270963 0.961206 -0.051593 -0.432949 0.073827 -0.898390 0.401917 -0.151510 0.884556 1
0.322645 0.062739 -0.619583 0.005191 0.000296 -0.999987 0.999986 -0.001107 0.005190 0.001106 0.999999 0.000301 -0.002918 0.009822 -0.000012 0
-0.287657 -0.336078 -0.236335 0.087428 -0.986613 0.137660 0.734561 0.157193 0.660084 -0.672887 0.043410 0.738471 0.254622 0.153518 0.938559 1
-0.861255 0.009919 -0.083077 -0.001008 0.998800 0.048973 0.109888 0.048787 -0.992746 0.993943 -0.004381 0.109805 -0.277732 -0.047068 0.954246 1
0.532751 -0.237262 -0.262960 -0.568173 -0.795352 -0.211176 -0.396953 0.040105 0.916962 -0.720839 0.604820 -0.338503 -0.554087 0.195722 0.753634 1
-0.120713 -0.034925 0.158244 -0.053380 0.955546 -0.289969 0.191021 -0.275249 -0.942204 0.980133 0.105685 0.167837 -0.088150 0.272504 0.914221 1
-0.426824 0.239323 0.157263 -0.016737 0.997471 0.069076 0.998765 0.013447 0.047819 0.046769 0.069791 -0.996465 0.837213 -0.021138 0.508088 1
-0.709507 -0.031841 -0.518157 -0.442338 0.172523 0.880098 -0.840599 0.262311 -0.473905 0.312619 0.949436 -0.028993 0.700476 -0.314021 0.413616 1
-0.703001 -0.044730 -0.500903 -0.901491 0.213491 -0.376478 0.388485 0.015730 -0.921321 0.190771 0.976819 0.097119 -0.352092 0.051105 0.872078 1
-0.434058 -0.245003 0.760697 0.141119 -0.810444 0.568565 0.989657 0.100530 -0.102338 0.025781 0.577126 0.816248 0.594933 0.525135 0.600875 1
0.148862 -0.233857 0.221868 0.486244 -0.763051 -0.425818 0.097597 -0.436831 0.894233 -0.868356 -0.476374 -0.137935 0.672427 0.020269 0.731527 1
0.507693 -0.232815 -0.223248 -0.536585 -0.794492 -0.284356 -0.515953 0.042246 0.855575 -0.667734 0.605803 -0.432589 -0.615205 0.143516 0.759916 1
-0.160295 -0.331426 -0.462769 -0.083297 0.029641 0.996084 -0.871129 0.483246 -0.087227 0.483938 0.874983 0.014432 0.102219 0.994451 -0.021044 1
-0.377995 -0.058004 -0.083089 -0.456805 0.318850 0.830460 -0.853734 0.105154 -0.509981 0.249934 0.941954 -0.224179 0.313020 -0.813963 0.484697 1
0.343553 -0.330689 -0.425542 0.007214 -0.012380 0.999897 0.998073 0.061722 -0.006437 -0.061636 0.998017 0.012801 0.052826 0.874059 0.010441 1
0.969661 -0.072468 -0.583016 0.977615 0.202134 0.058397 0.203128 -0.979084 -0.011547 -0.054842 -0.023151 0.998227 -0.040555 -0.089459 0.988577 1
-0.415222 -0.514142 0.175320 0.004613 -0.988904 0.148487 0.992782 0.022325 0.117837 -0.119845 0.146872 0.981869 0.679409 0.073621 0.469197 1
-0.839547 -0.015175 -0.383683 -0.676546 0.353343 -0.646092 0.736400 0.325711 -0.592982 -0.000914 0.876961 0.480560 -0.603805 0.044024 0.656342 1
-0.327839 0.233657 0.170217 0.106233 0.993973 0.027080 0.975595 -0.109454 0.190352 -0.192169 -0.006197 0.981342 0.718906 -0.086618 0.359099 1
0.202034 -0.063233 0.289213 0.878130 0.478420 0.001583 -0.086681 0.155845 0.983971 0.470504 -0.864191 0.178322 0.116558 -0.217137 0.966347 1
-0.426077 -0.041083 -0.113128 -0.367108 0.344272 0.864123 -0.901021 0.099159 -0.422290 0.231068 0.933619 -0.273794 0.281670 -0.844147 0.455976 1
0.592697 -0.245994 -0.094112 0.380341 -0.757547 0.530532 0.760654 -0.070067 -0.645365 0.526067 0.649010 0.549582 -0.459034 0.343182 0.819113 1
0.969123 -0.077993 -0.600141 0.862526 0.144147 -0.485047 -0.161734 0.986818 0.005662 0.479470 0.073565 0.874470 0.477796 -0.036622 0.838747 0
-0.112454 -0.129793 0.275659 -0.576148 -0.064400 0.814804 -0.817214 0.027529 -0.575676 -0.014643 0.997544 0.068490 0.401489 0.046346 0.287556 1
0.030348 0.001751 -0.620463 0.013552 -0.004382 -0.999899 0.936137 0.351458 0.011148 -0.351373 0.936194 -0.008865 0.005851 -0.000898 0.000083 0
-0.909526 -0.012714 -0.260032 -0.752763 0.603606 -0.262694 -0.478486 -0.227635 0.848076 0.452106 0.764096 0.460172 -0.372957 -0.064325 0.920924 1
-0.405601 0.238639 0.166703 0.011472 0.982660 0.185063 0.996977 -0.025464 0.073406 0.076845 0.183661 -0.979981 0.776637 -0.082254 0.388611 1
-0.720329 -0.065420 -0.044196 0.931000 0.339203 0.134833 -0.143715 0.001078 0.989619 0.335537 -0.940713 0.049752 0.025044 -0.408219 0.854047 1
0.492318 -0.330785 -0.428253 -0.014353 -0.032504 0.999368 0.789651 0.612759 0.031271 -0.613389 0.789601 0.016872 0.034030 0.665389 0.022130 1
0.843039 -0.207930 -0.292691 0.746632 -0.312273 0.587389 -0.541870 0.226723 0.809304 0.385899 0.922541 -0.000067 -0.494822 0.196595 0.733485 1
0.934265 -0.296510 -0.584586 0.863261 -0.503441 0.036436 -0.504255 -0.863373 0.017716 -0.022539 0.033666 0.999179 -0.131013 -0.155958 0.949151 1
0.210117 -0.030555 -0.619484 0.000464 -0.013298 -0.999911 0.995826 -0.091253 0.001676 -0.091267 -0.995739 0.013201 -0.020755 0.004607 -0.000071 0
-0.340281 -0.506711 0.181852 0.206523 -0.978204 -0.021584 -0.956217 -0.197108 -0.216326 -0.207357 -0.065315 0.976083 0.646541 0.126504 0.453052 1
-0.487467 0.231558 0.178429 -0.090548 0.937391 0.336303 0.990844 0.118755 -0.064230 -0.100146 0.327408 -0.939561 0.798249 -0.041625 0.330947 1
-0.433676 -0.192677 0.451427 0.448342 -0.458472 -0.767328 0.840947 -0.074629 0.535947 -0.302981 -0.885570 0.352091 0.864679 0.026754 0.489238 1
-0.512203 0.005470 0.681974 -0.227556 0.961882 0.151664 0.869042 0.130341 0.477261 -0.439300 -0.240405 0.865575 0.580655 0.009005 0.814098 1
-0.346480 -0.503946 0.202172 0.082864 -0.918934 0.385608 0.959308 0.178360 0.218899 -0.269931 0.351777 0.896320 0.641364 0.101394 0.103806 1
0.408997 -0.230862 -0.420963 -0.010473 -0.029318 0.999515 0.887482 0.460278 0.022800 -0.460724 0.887291 0.021199 0.074932 0.737501 0.022418 1
-0.959516 -0.053577 -0.026184 -0.887084 0.460019 0.038255 0.064512 0.041489 0.997054 0.457077 0.886939 -0.066481 -0.084348 -0.239647 0.925859 1
-0.461835 -0.222779 -0.133514 -0.330675 -0.251025 0.909748 -0.927072 -0.093994 -0.362908 -0.176609 0.963406 0.201637 0.137959 0.924444 0.305225 1
0.289532 -0.047450 -0.427261 0.022971 0.021388 0.999507 -0.991674 0.127202 0.020069 0.126711 0.991646 -0.024132 -0.023461 -0.886126 0.019501 1
-0.574781 -0.352209 -0.248029 0.012126 -0.928360 0.371484 0.994261 0.050686 0.094213 -0.106293 0.368209 0.923647 -0.046690 0.363569 0.910105 1
0.826548 -0.055747 -0.613536 0.033087 -0.014874 -0.999342 -0.569390 0.821480 -0.031078 0.821402 0.570043 0.018711 -0.017895 0.022212 -0.000923 0
-0.139231 -0.210539 0.080128 -0.573001 -0.546845 0.610435 -0.523030 -0.329435 -0.786074 -0.630959 0.769697 0.097249 0.383053 0.462146 0.773566 1
-0.100373 -0.053800 -0.311240 0.697602 0.570359 -0.433638 0.554646 -0.046758 0.830772 0.453562 -0.820064 -0.348966 0.642759 -0.294694 0.646412 1
0.420417 -0.348918 -0.612321 0.003490 -0.040347 -0.999180 0.989268 -0.145810 0.009343 -0.146068 -0.988490 0.039405 0.348656 0.080333 -0.002026 0
0.870346 -0.179928 -0.316245 0.786440 -0.206513 0.582121 -0.568576 0.126166 0.812898 0.241317 0.970276 0.018197 -0.374072 0.084329 0.535284 1
-0.973448 -0.135620 -0.012198 -0.996401 -0.049126 0.069072 -0.068926 -0.004665 -0.997611 -0.049331 0.998782 -0.001262 0.067874 -0.018669 0.965830 1
-0.431393 -0.037475 0.492580 0.394293 0.782779 -0.481446 -0.421643 -0.311398 -0.851615 0.816547 -0.538785 -0.207271 0.853702 -0.129567 0.488500 1
-0.156029 -0.029166 -0.380051 0.724018 0.603045 -0.334866 0.317252 0.139946 0.937958 0.612494 -0.785336 -0.089994 0.555376 -0.330354 0.605868 1
-0.931811 -0.019610 -0.108134 -0.652090 0.757926 -0.018072 -0.092999 -0.056310 0.994073 0.752416 0.649906 0.107206 -0.217773 -0.168159 0.805410 1
-0.498596 0.232569 0.136770 -0.153069 0.958549 -0.240321 0.988106 0.152073 -0.022801 0.014691 -0.240952 -0.970426 0.829757 0.256226 0.493488 1
0.701454 -0.338663 -0.387198 -0.204898 -0.725807 0.656674 0.156999 0.637850 0.753989 0.966110 -0.257588 0.016743 -0.292460 0.668867 0.648030 1
0.078210 -0.029364 -0.436169 -0.094380 0.037077 0.994846 -0.973493 -0.212560 -0.084433 -0.208334 0.976444 -0.056156 0.075225 -0.943901 0.042315 1
-0.799673 -0.253169 -0.023403 0.391145 -0.920319 -0.004208 0.027323 0.007042 0.999602 -0.919923 -0.391104 0.027900 -0.007080 -0.007323 0.943377 1
-0.322432 0.230305 0.188178 0.036085 0.952089 0.303686 0.970254 -0.106170 0.217568 0.239387 0.286802 -0.927598 0.663933 -0.069924 0.140328 1
0.142779 -0.070953 -0.431716 -0.057320 0.019480 0.998166 -0.967929 0.243869 -0.060343 0.244597 0.969613 -0.004876 0.012388 -0.199026 0.004595 1
-0.126842 -0.051654 -0.353438 0.743357 0.540109 -0.394591 0.390828 0.128032 0.911516 0.542838 -0.831799 -0.115916 0.548509 -0.322604 0.591743 1
-0.774574 -0.340133 0.119790 -0.542806 -0.422486 -0.725856 -0.574676 0.817096 -0.045841 0.612461 0.392250 -0.686317 0.151920 -0.793920 0.348494 1
-0.936459 -0.022588 -0.046095 -0.680555 0.732218 0.026476 0.046363 0.006972 0.998900 0.731229 0.681034 -0.038693 -0.220652 -0.236335 0.864282 1
-0.310012 0.231329 0.174566 0.134904 0.990732 0.015871 0.965856 -0.135059 0.221093 -0.221188 0.014497 0.975124 0.721431 -0.103772 0.345707 1
-0.951620 -0.038383 -0.081591 -0.812265 0.583284 -0.002404 -0.025415 -0.031274 0.999188 0.582735 0.811666 0.040227 -0.146196 -0.199981 0.875368 1
0.717334 -0.327886 -0.368185 -0.191801 -0.847430 0.495050 0.006806 0.503255 0.864111 0.981410 -0.169107 0.090757 -0.350225 0.507833 0.733620 1
-0.950154 -0.042588 0.018245 -0.838230 0.539747 0.077744 0.151688 0.093846 0.983963 0.523795 0.836580 -0.160538 -0.086715 -0.269359 0.935102 1
-0.623235 -0.353366 -0.252842 -0.026984 -0.927577 0.372656 0.997635 -0.001411 0.068727 -0.063224 0.373629 0.925421 -0.057016 0.358384 0.887925 1
0.293305 -0.228446 -0.063742 -0.145001 -0.794718 -0.589404 0.954196 0.045239 -0.295743 0.261697 -0.605290 0.751757 -0.808297 -0.244216 0.528138 1
-0.634814 -0.270516 -0.168165 0.018518 -0.421254 0.906753 0.951127 -0.272175 -0.145869 0.308244 0.865139 0.395626 -0.059267 0.898010 0.418403 1
0.328397 -0.434361 -0.608875 -0.005501 -0.195815 -0.980625 0.999946 -0.009684 -0.003676 -0.008776 -0.980593 0.195858 -0.079223 -0.002822 0.001008 0
-0.139620 -0.050889 -0.377716 0.763249 0.509536 -0.397271 0.384679 0.135642 0.913030 0.519108 -0.849691 -0.092479 0.426879 -0.286789 0.452299 1
-0.958151 -0.050883 -0.112281 -0.897729 0.438576 -0.041649 -0.076609 -0.062314 0.995112 0.433837 0.896531 0.089540 -0.134739 -0.183547 0.971456 1
-0.345798 -0.247021 0.630313 0.642438 -0.756164 -0.124457 -0.758191 -0.650788 0.040271 0.111446 -0.068490 0.991408 0.459292 0.272115 0.717541 1
-0.631400 -0.243953 0.164547 0.628585 0.650265 -0.426657 0.637822 -0.744922 -0.195639 0.445043 0.149155 0.883000 0.664244 -0.164139 0.728454 1
-0.649696 -0.217968 0.282563 0.708503 -0.277483 0.648866 -0.128539 0.853332 0.505275 -0.693903 -0.441393 0.568921 -0.612832 -0.000658 0.668877 1
0.024147 -0.261598 -0.616937 0.011174 -0.031948 -0.999427 0.984244 -0.176030 0.016631 -0.176460 -0.983866 0.029477 0.002385 -0.010513 0.000363 0
-0.377825 -0.355227 -0.336783 0.088496 -0.990693 0.103421 0.503728 0.134084 0.853393 0.859318 0.023426 -0.510905 0.166750 0.111136 0.921915 1
-0.677963 -0.351301 -0.253579 -0.069092 -0.911311 0.405879 0.993218 -0.100972 -0.057636 0.093507 0.399145 0.912107 -0.167955 0.379282 0.823003 1
-0.183889 -0.333676 -0.464854 -0.044597 0.022844 0.998744 -0.849010 0.526010 -0.049942 0.526491 0.850171 0.004064 0.072119 0.984983 -0.019309 1
-0.395125 0.235964 0.136986 0.087002 0.943446 -0.319907 0.990986 -0.049125 0.124633 0.101869 -0.327866 -0.939216 0.814557 0.114801 0.560090 1
-0.974677 -0.125850 -0.032688 -0.999519 -0.002941 0.030864 -0.030820 -0.014189 -0.999424 -0.003377 0.999895 -0.014092 0.030865 -0.054620 0.994342 1
0.078314 -0.003629 0.268563 -0.066153 0.997252 -0.033352 0.852816 0.039156 -0.520742 0.518005 0.062892 0.853062 0.395459 0.056891 0.916712 1
-0.689541 -0.220112 0.320805 0.553989 -0.504877 0.661963 -0.149667 0.721776 0.675751 -0.818960 -0.473433 0.324292 -0.440641 0.081515 0.430939 1
0.772024 -0.337933 -0.369674 -0.037149 -0.837456 0.545240 0.000231 0.545610 0.838039 0.999310 -0.031258 0.020076 -0.400540 0.507626 0.752393 1
-0.089249 -0.225367 0.106884 -0.429314 -0.754539 0.496347 0.256475 0.425091 0.868054 0.865974 -0.499968 -0.011023 0.334919 0.365327 0.845052 1
-0.109537 -0.055718 0.650013 0.463655 0.823172 0.327736 -0.672112 0.085753 0.735467 0.577312 -0.561279 0.593024 -0.287278 -0.210040 0.933975 1
-0.136605 -0.013282 -0.300930 0.604396 0.729789 -0.319551 0.557242 -0.100591 0.824235 0.569373 -0.676232 -0.467466 0.566453 -0.167456 0.688950 1
-0.781820 -0.366199 0.187673 -0.719694 -0.691831 0.058399 -0.689837 0.722055 0.052547 0.078521 0.002468 0.996909 0.449372 -0.401504 0.781470 1
-0.711293 -0.227176 0.331277 0.379453 -0.639097 0.669007 -0.081741 0.697101 0.712298 0.921593 0.324969 -0.212277 -0.524793 0.336192 0.618817 1
-0.482772 -0.497894 0.200974 -0.069199 -0.768842 0.635683 0.996196 -0.087090 0.003111 0.052970 0.633480 0.771944 0.444154 -0.015264 0.029888 1
-0.380353 -0.357525 -0.359121 0.094671 -0.989964 0.104919 0.164967 0.119536 0.979029 0.981745 0.075377 -0.174628 0.175231 0.119269 0.967249 1
-0.698914 -0.345556 -0.245668 -0.106936 -0.883204 0.456634 0.967235 -0.198771 -0.157944 0.230263 0.424783 0.875522 -0.169194 0.418755 0.770317 1
0.356339 -0.183626 -0.616173 -0.011621 -0.014223 -0.999831 0.858884 -0.512164 -0.002697 -0.512039 -0.858770 0.018168 0.020658 -0.005424 -0.000163 0
-0.277409 0.225365 0.190249 0.167520 0.980198 0.105586 0.939072 -0.191256 0.285598 -0.300136 -0.051309 0.952515 0.697128 -0.140805 0.201106 1
-0.314846 -0.490214 0.161762 0.364802 -0.710794 -0.601408 0.925934 0.209102 0.314519 -0.097803 -0.671601 0.734429 0.736031 -0.166447 0.643182 1
-0.265792 0.222310 0.179420 0.291789 0.939967 -0.176978 0.925235 -0.230474 0.301367 -0.242486 0.251682 0.936940 0.699954 -0.139426 0.413516 1
-0.293649 0.228615 0.181907 0.152708 0.986609 0.057298 0.953999 -0.162300 0.252079 -0.258003 -0.016167 0.966009 0.643682 -0.113102 0.231989 1
-0.498113 -0.013853 -0.148635 -0.214230 0.418879 0.882409 0.966749 -0.038231 0.252854 0.139651 0.907237 -0.396760 0.174034 -0.872309 0.456336 1
-0.306785 0.229250 0.190368 0.061620 0.961187 0.268929 0.960940 -0.129967 0.244340 0.269808 0.243369 -0.931652 0.784856 -0.085747 0.126637 1
-0.727460 -0.028535 -0.628438 0.012375 -0.016328 -0.999790 -0.285990 -0.958156 0.012108 0.958153 -0.285780 0.016526 0.005918 -0.035892 0.000659 0
-0.437832 -0.512068 0.181948 -0.035312 -0.949322 0.312315 0.996251 -0.008741 0.086073 -0.078981 0.314183 0.946071 0.617732 0.080935 0.315857 1
-0.479063 -0.028302 -0.137198 -0.262272 0.363997 0.893711 0.951747 -0.055358 0.301850 0.159346 0.929754 -0.331914 0.199211 -0.865355 0.410908 1
-0.091040 -0.231830 0.188139 -0.154697 -0.972914 -0.171774 0.199482 -0.201046 0.959056 0.967613 -0.114098 -0.225180 0.104419 -0.183031 0.942637 1
-0.356025 0.224637 0.199077 -0.040244 0.806043 0.590488 0.979944 -0.083592 0.180894 0.195168 0.585925 -0.786512 0.633975 0.063125 -0.042962 1
-0.966738 -0.135399 -0.171686 -0.987836 -0.055078 -0.145415 0.150811 -0.111506 -0.982254 -0.037886 0.992236 -0.118456 -0.107676 0.002011 0.730702 1
0.929419 -0.031322 -0.611728 0.064141 0.015971 -0.997813 -0.304140 0.952618 -0.004303 0.950466 0.303751 0.065959 -0.208756 -0.096908 -0.014970 0
-0.798171 -0.261733 -0.100427 0.222753 -0.943066 0.246998 -0.293369 0.176774 0.939514 0.929686 0.281741 0.237289 -0.162569 0.210714 0.951138 1
-0.123542 -0.129092 -0.432230 0.260651 0.017202 0.965280 -0.965329 0.019319 0.260320 0.014170 0.999665 -0.021641 -0.633177 0.040478 0.170253 1
-0.419318 0.220829 0.201188 -0.006075 0.700121 0.713999 0.999489 -0.018152 0.026304 0.031376 0.713794 -0.699653 0.435130 0.098334 -0.092720 1
-0.442606 0.226355 0.194830 -0.014235 0.801327 0.598057 0.999649 0.024763 -0.009386 -0.022331 0.597713 -0.801399 0.517551 0.002932 0.008390 1
-0.314790 0.214861 0.136408 0.298844 0.649874 -0.698824 0.946899 -0.110892 0.301805 0.118641 -0.751908 -0.648505 0.799888 0.205775 0.533424 1
0.946710 -0.037771 -0.608990 0.353874 0.126259 -0.926732 -0.286372 0.957885 0.021152 0.890373 0.257905 0.375128 0.123292 -0.108736 0.032265 0
-0.732300 -0.044299 -0.010919 0.808103 0.581339 -0.094948 0.057988 0.081894 0.994953 0.586180 -0.809530 0.032468 0.206136 -0.139894 0.897899 1
-0.892221 -0.060404 -0.339522 -0.816841 0.224638 -0.531327 0.576831 0.308266 -0.756465 0.006141 0.924397 0.381382 -0.542747 -0.045357 0.815221 1
0.009702 -0.241828 0.147787 -0.240457 -0.861979 0.446288 0.146352 0.422326 0.894551 0.959563 -0.280416 -0.024602 0.491540 0.255650 0.758612 1
-0.697091 -0.355132 -0.265666 -0.100731 -0.930398 0.352438 0.968603 -0.172636 -0.178901 0.227293 0.323352 0.918576 -0.208414 0.351520 0.868406 1
0.432236 -0.222592 0.037026 0.393514 -0.674268 0.624908 0.834723 -0.022765 -0.550200 0.385208 0.738136 0.553868 -0.569272 0.266242 0.645750 1
-0.072382 -0.030170 -0.621498 0.003805 -0.001403 -0.999992 -0.535928 0.844258 -0.003224 0.844255 0.535936 0.002460 0.030333 -0.079354 0.000227 0
-0.524776 0.225707 0.182165 -0.125607 0.933585 0.335623 0.976178 0.176636 -0.126002 -0.176917 0.311801 -0.933531 0.876453 -0.037752 0.433025 1
0.410785 -0.233034 0.039249 0.375179 -0.719598 0.584311 0.844530 0.005509 -0.535479 0.382111 0.694369 0.609789 -0.539095 0.234356 0.634764 1
-0.717723 -0.357897 -0.413580 -0.512498 -0.749806 -0.418493 -0.632542 0.000057 0.774526 -0.580721 0.661657 -0.474313 -0.407909 -0.212656 0.880550 1
-0.421092 0.227407 0.118973 0.058858 0.762668 -0.644106 0.993704 0.016855 0.110762 0.095330 -0.646570 -0.756875 0.819223 0.330341 0.466008 1
-0.551943 -0.036076 -0.150017 -0.114760 0.312480 0.942967 0.992729 0.070780 0.097362 -0.036319 0.947284 -0.318331 0.129532 -0.935992 0.325933 1
-0.742880 -0.225698 -0.093605 0.674331 -0.600934 0.429135 -0.422864 0.162166 0.891565 -0.605363 -0.782675 -0.144760 -0.087223 0.512255 0.854390 1
-0.409917 -0.024340 -0.114600 -0.355073 0.444159 0.822585 0.886505 -0.119293 0.447077 0.296702 0.887971 -0.351392 0.250365 -0.791844 0.535632 1
-0.231209 -0.036273 -0.623146 0.033598 -0.012061 -0.999363 0.832871 -0.552381 0.034667 0.552447 0.833505 0.008514 0.279274 -0.129419 0.010951 0
-0.539378 0.225637 0.151781 -0.196049 0.975794 -0.096902 0.979906 0.191251 -0.056641 0.036737 0.106060 0.993681 0.839089 0.217420 0.491779 1
-0.266138 -0.031893 -0.623828 0.022645 -0.010559 -0.999688 0.811756 0.583869 0.012221 -0.583558 0.811779 -0.021793 0.006551 0.000809 0.000140 0
-0.746503 -0.053894 -0.468384 -0.531145 0.096432 -0.841775 0.835179 -0.107727 -0.539324 0.142690 0.989493 0.023320 -0.501199 0.024091 0.319007 1
-0.516798 0.227890 0.134767 -0.192922 0.938015 -0.287940 0.981083 0.189210 -0.040946 0.016073 -0.290392 -0.956773 0.820043 0.314255 0.474307 1
-0.551102 0.220987 0.137800 -0.208938 0.936342 -0.282149 0.977905 0.202078 -0.053543 0.006881 -0.287102 -0.957875 0.809218 0.320190 0.463340 1
-0.891052 -0.221510 0.200270 -0.768716 -0.545531 0.333874 0.507181 -0.201893 0.837858 -0.389670 0.813410 0.431881 0.094379 0.171100 0.496865 1
-0.565251 -0.494559 0.135352 -0.244204 -0.895818 -0.371314 0.959290 -0.279184 0.042647 -0.141869 -0.345783 0.927527 0.743896 -0.418507 0.520433 1
0.725840 -0.127855 -0.138371 0.715888 -0.011050 0.698128 -0.698206 -0.006061 0.715872 0.003679 0.999921 0.012055 -0.537184 -0.029398 0.550384 1
-0.237743 0.215572 0.206677 0.242962 0.965450 0.094210 0.892813 -0.260536 0.367432 -0.379283 0.005160 0.925267 0.732324 -0.200607 0.167172 1
0.291171 -0.439579 -0.451713 -0.032693 -0.793715 0.607410 0.999463 -0.024760 0.021440 -0.001978 0.607785 0.794099 0.025420 0.595272 0.779223 1
0.285865 -0.216701 0.134023 0.355077 -0.661714 0.660344 0.868428 -0.027998 -0.495024 0.346053 0.749233 0.564710 -0.672230 0.285697 0.647758 1
-0.855204 -0.113991 -0.393021 -0.682944 0.041592 -0.729285 0.360273 0.887680 -0.286754 0.635445 -0.458579 -0.621220 -0.717472 0.005742 0.672209 1
-0.717046 -0.356020 -0.275305 -0.147034 -0.938518 0.312353 0.889927 -0.263358 -0.372389 0.431754 0.223218 0.873935 -0.213562 0.316422 0.850214 1
0.194616 -0.239053 0.153851 0.248545 -0.785099 0.567313 0.685328 -0.271365 -0.675786 0.684508 0.556759 0.470604 -0.075584 0.125992 0.207473 1
-0.585720 -0.490861 0.144691 -0.316199 -0.924205 -0.214155 -0.945603 0.325237 -0.007409 -0.076498 -0.200163 0.976772 0.760687 -0.380742 0.519976 1
-0.510825 -0.064192 -0.626511 0.014213 -0.024609 -0.999596 0.700144 -0.713472 0.027520 0.713861 0.700252 -0.007090 0.034482 -0.047840 0.001668 0
0.218919 -0.232496 0.151850 0.299890 -0.746415 0.594080 0.763394 -0.185691 -0.618666 0.572097 0.639049 0.514122 -0.427732 0.188765 0.453087 1
-0.119747 0.150242 0.250253 0.716957 0.535718 -0.446070 0.677566 -0.385031 0.626623 -0.163943 0.751503 0.639035 -0.198029 0.308185 0.051836 1
-0.031852 -0.015420 -0.159622 0.559221 0.634125 -0.534002 0.720295 -0.052761 0.691659 0.410424 -0.771429 -0.486262 0.363511 -0.035159 0.338927 1
0.293923 -0.243154 -0.042118 -0.108631 -0.841205 -0.529691 0.950647 0.067877 -0.302758 0.290635 -0.536439 0.792316 -0.735989 -0.218310 0.497639 1
-0.413665 0.201961 0.214971 -0.014237 0.471860 0.881558 0.999532 -0.017152 0.025323 0.027069 0.881506 -0.471396 0.692927 0.442060 -0.225425 1
-0.503696 -0.489864 0.114949 -0.035376 -0.676437 -0.735650 0.966870 -0.209376 0.146028 -0.252807 -0.706112 0.661434 0.743128 -0.506998 0.430453 1
-0.330217 -0.349528 -0.437049 0.394948 -0.918320 0.026518 -0.025362 0.017955 0.999517 -0.918353 -0.395430 -0.016199 0.258464 0.137073 0.897374 1
0.143297 -0.229959 0.193718 0.337556 -0.921794 0.190660 -0.239820 0.111647 0.964376 -0.910243 -0.371255 -0.183378 0.537312 0.350191 0.741796 1
-0.781338 -0.054078 -0.627348 -0.203170 0.039387 -0.978351 0.178886 0.983867 0.002461 0.962664 -0.174513 -0.206938 0.458538 -0.068215 -0.097969 0
0.941869 -0.033007 -0.492734 0.927382 0.341589 0.152579 -0.218345 0.163014 0.962160 0.303790 -0.925605 0.225760 -0.111415 -0.101304 0.903979 1
0.149178 -0.227047 0.207166 0.492024 -0.849027 -0.192522 -0.037348 -0.241524 0.969676 -0.869780 -0.469914 -0.150546 0.578495 0.153651 0.800839 1
-0.162978 -0.048147 0.673752 0.115246 0.873994 0.472074 0.947034 0.046732 -0.317714 -0.299741 0.483685 -0.822316 -0.371512 -0.398521 0.828514 1
-0.330962 0.224782 0.140469 0.241994 0.809919 -0.534293 0.960446 -0.121760 0.250437 0.137779 -0.573764 -0.807349 0.799455 0.131169 0.560927 1
-0.357790 -0.048766 0.749710 0.543865 0.651442 0.528994 -0.703640 0.010509 0.710479 0.457277 -0.758626 0.464096 0.380670 -0.738211 0.517715 1
-0.687637 -0.236705 -0.143780 0.286554 -0.449018 0.846327 0.844352 -0.299066 -0.444555 0.452720 0.841987 0.293431 -0.154318 0.829027 0.492089 1
-0.457900 -0.062630 0.801533 -0.003180 0.533562 0.845755 0.998793 -0.039766 0.028842 0.049022 0.844826 -0.532792 0.649200 -0.553578 0.351677 1
-0.339476 -0.356759 -0.455032 0.296551 -0.867582 0.399199 -0.164662 0.365292 0.916214 0.940715 0.337437 0.034531 0.121236 0.444939 0.876927 1
-0.477684 -0.045995 0.787022 -0.099146 0.651552 0.752097 0.989857 -0.012707 0.141497 0.101750 0.758497 -0.643684 0.634273 -0.476916 0.496772 1
-0.430582 -0.482346 0.114852 0.151834 -0.477488 -0.865420 0.972977 -0.081899 0.215891 -0.173962 -0.874813 0.452149 0.791023 -0.457773 0.391354 1
-0.373993 0.223125 0.123630 0.185068 0.700056 -0.689689 0.977190 -0.056705 0.204658 0.104164 -0.711833 -0.694582 0.829688 0.260356 0.486905 1
-0.938796 -0.176053 0.131406 -0.921902 -0.260431 0.286833 -0.313830 0.067873 -0.947050 -0.227173 0.963104 0.144303 0.178263 0.207608 0.761448 1
-0.407057 -0.477115 0.117187 0.208386 -0.410344 -0.887802 0.968430 -0.040409 0.245988 -0.136815 -0.911035 0.388969 0.810007 -0.434147 0.390789 1
0.136917 -0.261379 -0.427981 -0.067418 0.006457 0.997704 0.221118 0.975209 0.008630 -0.972914 0.221192 -0.067174 0.061976 0.792613 -0.000942 1
-0.126487 -0.322262 0.303353 0.185089 0.704671 -0.684968 -0.619338 -0.457523 -0.638039 0.762996 -0.542321 -0.351747 -0.506828 -0.426068 -0.575277 1
0.927251 -0.058063 -0.413925 0.888595 0.233727 0.394678 -0.400362 -0.024709 0.916024 -0.223851 0.971988 -0.071619 -0.368145 -0.132407 0.907268 1
-0.587334 -0.246243 0.691432 -0.447358 -0.829626 0.334055 0.718578 -0.111043 0.686524 -0.532464 0.547166 0.645826 0.507244 0.065434 0.841795 1
